2.500000e+00 5.548938e+01 7.669752e-01 3.113222e-01 9.139376e-01 2.196440e-03 -4.058488e-01 -2.470100e-03 9.999969e-01 -1.505096e-04 4.058473e-01 1.140044e-03 9.139402e-01 5.548939e+01 -7.660283e-01 3.113222e-01 9.137764e-01 -2.214341e-03 -4.062115e-01 2.486518e-03 9.999969e-01 1.422583e-04 4.062099e-01 -1.140044e-03 9.137791e-01 5.258167e+01 7.624383e-01 3.124672e-01 9.815718e-01 -4.940585e-04 1.910933e-01 1.502539e-03 9.999857e-01 -5.132562e-03 -1.910880e-01 5.325103e-03 9.815585e-01 5.258169e+01 -7.615435e-01 3.124672e-01 9.809195e-01 4.761578e-04 1.944136e-01 -1.502339e-03 9.999857e-01 5.130929e-03 -1.944083e-01 -5.325104e-03 9.809062e-01 5.548892e+01 4.734594e-04 3.299902e-01 9.999967e-01 -8.950481e-06 2.558751e-03 8.950450e-06 1.000000e+00 2.337697e-08 -2.558751e-03 -4.749213e-10 9.999967e-01
2.550000e+00 5.660093e+01 7.669852e-01 3.113222e-01 -9.935188e-01 2.196456e-03 1.136471e-01 2.311782e-03 9.999969e-01 8.829883e-04 -1.136448e-01 1.139993e-03 -9.935208e-01 5.660094e+01 -7.660183e-01 3.113222e-01 -9.934735e-01 -2.214358e-03 1.140413e-01 -2.329916e-03 9.999969e-01 -8.800292e-04 -1.140390e-01 -1.139993e-03 -9.934756e-01 5.369323e+01 7.624483e-01 3.124672e-01 -8.787953e-01 -4.940588e-04 -4.771987e-01 -2.975304e-03 9.999857e-01 4.443917e-03 4.771897e-01 5.325105e-03 -8.787842e-01 5.369324e+01 -7.615335e-01 3.124672e-01 -8.771756e-01 4.761580e-04 -4.801695e-01 2.974622e-03 9.999857e-01 -4.442420e-03 4.801605e-01 -5.325105e-03 -8.771645e-01 5.660047e+01 4.834083e-04 3.299904e-01 9.999967e-01 -8.950520e-06 2.558688e-03 8.950490e-06 1.000000e+00 2.293305e-08 -2.558688e-03 -3.146856e-11 9.999967e-01
2.600000e+00 5.771245e+01 7.669951e-01 3.113223e-01 9.819947e-01 2.196469e-03 1.888955e-01 -1.941592e-03 9.999969e-01 -1.534337e-03 -1.888983e-01 1.139952e-03 9.819960e-01 5.771247e+01 -7.660084e-01 3.113223e-01 9.820696e-01 -2.214370e-03 1.885057e-01 1.959781e-03 9.999969e-01 1.536940e-03 -1.885085e-01 -1.139953e-03 9.820709e-01 5.480475e+01 7.624582e-01 3.124672e-01 6.948601e-01 -4.940586e-04 7.191447e-01 4.172824e-03 9.999857e-01 -3.344915e-03 -7.191328e-01 5.325113e-03 6.948523e-01 5.480476e+01 -7.615236e-01 3.124672e-01 6.924227e-01 4.761578e-04 7.214919e-01 -4.171724e-03 9.999857e-01 3.343691e-03 -7.214800e-01 -5.325112e-03 6.924148e-01 5.771199e+01 4.933569e-04 3.299905e-01 9.999967e-01 -8.950518e-06 2.558624e-03 8.950489e-06 1.000000e+00 2.291532e-08 -2.558624e-03 -1.430479e-11 9.999967e-01
2.650000e+00 5.882398e+01 7.670051e-01 3.113223e-01 -8.804560e-01 2.196482e-03 -4.741229e-01 1.393448e-03 9.999969e-01 2.045052e-03 4.741259e-01 1.139912e-03 -8.804563e-01 5.882399e+01 -7.659984e-01 3.113223e-01 -8.806440e-01 -2.214383e-03 -4.737733e-01 -1.410024e-03 9.999969e-01 -2.052980e-03 4.737764e-01 -1.139913e-03 -8.806444e-01 5.591627e+01 7.624682e-01 3.124671e-01 -4.467407e-01 -4.940584e-04 -8.946633e-01 -4.984904e-03 9.999857e-01 1.936939e-03 8.946496e-01 5.325120e-03 -4.467368e-01 5.591629e+01 -7.615136e-01 3.124671e-01 -4.437107e-01 4.761576e-04 -8.961700e-01 4.983487e-03 9.999857e-01 -1.936101e-03 8.961562e-01 -5.325120e-03 -4.437067e-01 5.882352e+01 5.033054e-04 3.299906e-01 9.999967e-01 -8.950516e-06 2.558561e-03 8.950487e-06 1.000000e+00 2.289758e-08 -2.558561e-03 2.858989e-12 9.999967e-01
2.700000e+00 5.993550e+01 7.670150e-01 3.113223e-01 6.982100e-01 2.196495e-03 7.158897e-01 -7.175908e-04 9.999969e-01 -2.368325e-03 -7.158927e-01 1.139872e-03 6.982094e-01 5.993552e+01 -7.659885e-01 3.113223e-01 6.984941e-01 -2.214396e-03 7.156124e-01 7.310340e-04 9.999969e-01 2.380850e-03 -7.156155e-01 -1.139873e-03 6.984935e-01 5.702780e+01 7.624781e-01 3.124671e-01 1.573558e-01 -4.940582e-04 9.875418e-01 5.336530e-03 9.999857e-01 -3.500439e-04 -9.875276e-01 5.325128e-03 1.573562e-01 5.702781e+01 -7.615037e-01 3.124671e-01 1.540131e-01 4.761574e-04 9.880687e-01 -5.334926e-03 9.999857e-01 3.496698e-04 -9.880544e-01 -5.325128e-03 1.540134e-01 5.993504e+01 5.132539e-04 3.299907e-01 9.999967e-01 -8.950514e-06 2.558498e-03 8.950485e-06 1.000000e+00 2.287985e-08 -2.558498e-03 2.002276e-11 9.999967e-01
2.750000e+00 6.104703e+01 7.670250e-01 3.113223e-01 -4.519624e-01 2.196508e-03 -8.920343e-01 -2.403331e-05 9.999969e-01 2.474527e-03 8.920370e-01 1.139832e-03 -4.519610e-01 6.104704e+01 -7.659785e-01 3.113223e-01 -4.523165e-01 -2.214408e-03 -8.918548e-01 1.495493e-05 9.999969e-01 -2.490502e-03 8.918575e-01 -1.139833e-03 -4.523150e-01 5.813932e+01 7.624881e-01 3.124671e-01 1.465640e-01 -4.940580e-04 -9.892011e-01 -5.195221e-03 9.999857e-01 -1.269189e-03 9.891875e-01 5.325136e-03 1.465594e-01 5.813934e+01 -7.614937e-01 3.124671e-01 1.499108e-01 4.761573e-04 -9.886994e-01 5.193579e-03 9.999857e-01 1.269065e-03 9.886859e-01 -5.325135e-03 1.499062e-01 6.104657e+01 5.232024e-04 3.299909e-01 9.999967e-01 -8.950512e-06 2.558435e-03 8.950483e-06 1.000000e+00 2.286212e-08 -2.558435e-03 3.718654e-11 9.999967e-01
2.800000e+00 6.215855e+01 7.670349e-01 3.113223e-01 1.642856e-01 2.196520e-03 9.864104e-01 7.634504e-04 9.999969e-01 -2.353927e-03 -9.864125e-01 1.139792e-03 1.642835e-01 6.215857e+01 -7.659686e-01 3.113223e-01 1.646772e-01 -2.214421e-03 9.863450e-01 -7.595690e-04 9.999969e-01 2.371886e-03 -9.863472e-01 -1.139793e-03 1.646750e-01 5.925085e+01 7.624980e-01 3.124670e-01 -4.369458e-01 -4.940578e-04 8.994877e-01 4.574029e-03 9.999857e-01 2.771192e-03 -8.994762e-01 5.325144e-03 -4.369373e-01 5.925086e+01 -7.614838e-01 3.124670e-01 -4.399873e-01 4.761571e-04 8.980039e-01 -4.572500e-03 9.999857e-01 -2.770581e-03 -8.979923e-01 -5.325143e-03 -4.399789e-01 6.215809e+01 5.331509e-04 3.299910e-01 9.999967e-01 -8.950510e-06 2.558372e-03 8.950481e-06 1.000000e+00 2.284438e-08 -2.558372e-03 5.435032e-11 9.999967e-01
2.850000e+00 6.327008e+01 7.670449e-01 3.113224e-01 1.384407e-01 2.196533e-03 -9.903683e-01 -1.432870e-03 9.999969e-01 2.017592e-03 9.903697e-01 1.139752e-03 1.384434e-01 6.327009e+01 -7.659587e-01 3.113224e-01 1.380475e-01 -2.214434e-03 -9.904231e-01 1.434541e-03 9.999969e-01 -2.035889e-03 9.904246e-01 -1.139753e-03 1.380502e-01 6.036237e+01 7.625080e-01 3.124670e-01 6.869598e-01 -4.940575e-04 -7.266952e-01 -3.530371e-03 9.999857e-01 -4.017190e-03 7.266868e-01 5.325152e-03 6.869482e-01 6.036238e+01 -7.614738e-01 3.124670e-01 6.894152e-01 4.761568e-04 -7.243662e-01 3.529095e-03 9.999857e-01 4.016148e-03 7.243578e-01 -5.325151e-03 6.894037e-01 6.326961e+01 5.430995e-04 3.299911e-01 9.999967e-01 -8.950512e-06 2.558309e-03 8.950482e-06 1.000000e+00 2.297064e-08 -2.558309e-03 -7.246192e-11 9.999967e-01
2.900000e+00 6.438159e+01 7.670548e-01 3.113224e-01 -4.284656e-01 2.196545e-03 9.035554e-01 1.970945e-03 9.999969e-01 -1.496373e-03 -9.035559e-01 1.139714e-03 -4.284686e-01 6.438161e+01 -7.659487e-01 3.113224e-01 -4.281069e-01 -2.214446e-03 9.037254e-01 -1.978016e-03 9.999969e-01 1.513333e-03 -9.037260e-01 -1.139715e-03 -4.281099e-01 6.147389e+01 7.625179e-01 3.124670e-01 -8.735170e-01 -4.940573e-04 4.867934e-01 2.160692e-03 9.999857e-01 4.892120e-03 -4.867888e-01 5.325160e-03 -8.735034e-01 6.147390e+01 -7.614639e-01 3.124670e-01 -8.751595e-01 4.761565e-04 4.838344e-01 -2.159789e-03 9.999857e-01 -4.890743e-03 -4.838298e-01 -5.325160e-03 -8.751459e-01 6.438113e+01 5.530480e-04 3.299913e-01 9.999967e-01 -8.950517e-06 2.558247e-03 8.950487e-06 1.000000e+00 2.327661e-08 -2.558247e-03 -3.789771e-10 9.999967e-01
2.950000e+00 6.549310e+01 7.670648e-01 3.113224e-01 6.792053e-01 2.196557e-03 -7.339451e-01 -2.328379e-03 9.999969e-01 8.380773e-04 7.339447e-01 1.139676e-03 6.792083e-01 6.549312e+01 -7.659388e-01 3.113224e-01 6.789138e-01 -2.214458e-03 -7.342146e-01 2.340201e-03 9.999969e-01 -8.521440e-04 7.342142e-01 -1.139677e-03 6.789169e-01 6.258540e+01 7.625279e-01 3.124670e-01 9.793950e-01 -4.940569e-04 -2.019535e-01 -5.915670e-04 9.999857e-01 -5.315221e-03 2.019533e-01 5.325169e-03 9.793807e-01 6.258541e+01 -7.614539e-01 3.124670e-01 9.800728e-01 4.761562e-04 -1.986379e-01 5.911194e-04 9.999857e-01 5.313637e-03 1.986375e-01 -5.325170e-03 9.800586e-01 6.549264e+01 5.629965e-04 3.299914e-01 9.999967e-01 -8.950500e-06 2.558185e-03 8.950469e-06 1.000000e+00 2.341079e-08 -2.558185e-03 -5.137570e-10 9.999967e-01
3.000000e+00 6.660461e+01 7.670747e-01 3.113224e-01 -8.677009e-01 2.196569e-03 4.970819e-01 2.472465e-03 9.999969e-01 -1.030060e-04 -4.970806e-01 1.139639e-03 -8.677036e-01 6.660463e+01 -7.659288e-01 3.113224e-01 -8.675034e-01 -2.214470e-03 4.974263e-01 -2.487953e-03 9.999969e-01 1.128922e-04 -4.974250e-01 -1.139639e-03 -8.675062e-01 6.369691e+01 7.625378e-01 3.124670e-01 -9.948323e-01 -4.940567e-04 -1.015301e-01 -1.032163e-03 9.999857e-01 5.247501e-03 1.015261e-01 5.325179e-03 -9.948186e-01 6.369692e+01 -7.614440e-01 3.124670e-01 -9.944831e-01 4.761558e-04 -1.048963e-01 1.032114e-03 9.999857e-01 -5.245855e-03 1.048923e-01 -5.325179e-03 -9.944693e-01 6.660415e+01 5.729455e-04 3.299915e-01 9.999967e-01 -8.950591e-06 2.558123e-03 8.950561e-06 1.000000e+00 2.309020e-08 -2.558123e-03 -1.934858e-10 9.999967e-01
3.050000e+00 6.771473e+01 7.684842e-01 3.116873e-01 9.761893e-01 -2.917738e-02 -2.149491e-01 2.906791e-02 9.995707e-01 -3.670928e-03 2.149639e-01 -2.664600e-03 9.766184e-01 6.771748e+01 -7.644859e-01 3.109741e-01 9.758418e-01 -3.336472e-02 -2.159156e-01 3.361342e-02 9.994317e-01 -2.521281e-03 2.158771e-01 -4.797291e-03 9.764088e-01 6.480821e+01 7.625991e-01 3.127948e-01 9.184368e-01 -7.790735e-04 3.955671e-01 3.068936e-03 9.999820e-01 -5.156052e-03 -3.955559e-01 5.949477e-03 9.184226e-01 6.480862e+01 -7.613819e-01 3.121352e-01 9.169510e-01 1.913326e-04 3.989998e-01 -2.049742e-03 9.999889e-01 4.231035e-03 -3.989946e-01 -4.697498e-03 9.169413e-01 6.771565e+01 1.447573e-03 3.299863e-01 9.999967e-01 -2.902688e-04 2.561557e-03 2.920064e-04 9.999997e-01 -6.779788e-04 -2.561360e-03 6.787246e-04 9.999965e-01
3.100000e+00 6.882414e+01 7.764989e-01 3.140062e-01 -9.964841e-01 -3.170360e-02 -7.755253e-02 -3.175646e-02 9.994955e-01 -5.518857e-04 7.753090e-02 1.912848e-03 -9.969881e-01 6.883092e+01 -7.564315e-01 3.094008e-01 -9.951150e-01 -3.574849e-02 -9.202327e-02 -3.553961e-02 9.993606e-01 -3.908035e-03 9.210414e-02 -6.184731e-04 -9.957492e-01 6.591773e+01 7.627099e-01 3.153277e-01 -7.608666e-01 -3.496323e-03 -6.488989e-01 -9.613520e-03 9.999365e-01 5.884593e-03 6.488371e-01 1.071559e-02 -7.608519e-01 6.592187e+01 -7.613022e-01 3.107861e-01 -7.530294e-01 -2.553912e-03 -6.579819e-01 -1.701941e-03 9.999967e-01 -1.933628e-03 6.579847e-01 -3.362324e-04 -7.530312e-01 6.882709e+01 9.356139e-03 3.298887e-01 9.999922e-01 -2.983571e-03 2.575402e-03 2.998442e-03 9.999787e-01 -5.789650e-03 -2.558073e-03 5.797327e-03 9.999799e-01
3.150000e+00 6.993094e+01 7.936506e-01 3.154927e-01 9.355013e-01 -3.730973e-02 3.513479e-01 3.774986e-02 9.992715e-01 5.599889e-03 -3.513008e-01 8.024628e-03 9.362282e-01 6.994670e+01 -7.391149e-01 3.084548e-01 9.155780e-01 -4.109907e-02 4.000348e-01 3.953555e-02 9.991441e-01 1.216398e-02 -4.001924e-01 4.678522e-03 9.164192e-01 6.702485e+01 7.622288e-01 3.175325e-01 5.455614e-01 -9.558068e-03 8.380163e-01 1.978006e-02 9.998033e-01 -1.473779e-03 -8.378374e-01 1.738005e-02 5.456431e-01 6.703746e+01 -7.617453e-01 3.091820e-01 5.137502e-01 -8.663725e-03 8.578961e-01 9.285325e-03 9.999466e-01 4.537758e-03 -8.578895e-01 5.634570e-03 5.138032e-01 6.993840e+01 2.637654e-02 3.293666e-01 9.999562e-01 -8.996427e-03 2.581188e-03 9.029648e-03 9.998726e-01 -1.316147e-02 -2.462453e-03 1.318420e-02 9.999101e-01
3.200000e+00 7.103571e+01 8.182471e-01 3.156049e-01 -8.052980e-01 -4.532212e-02 -5.911353e-01 -4.416413e-02 9.988893e-01 -1.642008e-02 5.912230e-01 1.288392e-02 -8.064052e-01 7.106415e+01 -7.141938e-01 3.073748e-01 -7.394684e-01 -4.892101e-02 -6.714114e-01 -4.213122e-02 9.987640e-01 -2.637107e-02 6.718717e-01 8.786814e-03 -7.406155e-01 6.813020e+01 7.622622e-01 3.177657e-01 -2.932169e-01 -1.800984e-02 -9.558763e-01 -2.696764e-02 9.995805e-01 -1.056090e-02 9.556655e-01 2.268109e-02 -2.935796e-01 6.815497e+01 -7.615152e-01 3.074165e-01 -2.169870e-01 -1.715979e-02 -9.760237e-01 -1.377117e-02 9.997998e-01 -1.451624e-02 9.760773e-01 1.029115e-02 -2.171799e-01 7.104953e+01 5.094587e-02 3.283287e-01 9.998453e-01 -1.739984e-02 2.579506e-03 1.744614e-02 9.996641e-01 -1.916729e-02 -2.245132e-03 1.920932e-02 9.998130e-01
3.250000e+00 7.213920e+01 8.499121e-01 3.156819e-01 6.176607e-01 -5.471978e-02 7.845387e-01 4.718889e-02 9.983577e-01 3.248175e-02 -7.850277e-01 1.695881e-02 6.192285e-01 7.218231e+01 -6.820161e-01 3.064216e-01 4.837579e-01 -5.808876e-02 8.732720e-01 3.858617e-02 9.982403e-01 4.502627e-02 -8.743509e-01 1.191441e-02 4.851480e-01 6.923454e+01 7.657055e-01 3.177138e-01 2.133789e-02 -2.772126e-02 9.993879e-01 2.763418e-02 9.992499e-01 2.712742e-02 -9.993903e-01 2.703842e-02 2.208794e-02 6.927357e+01 -7.577134e-01 3.058973e-01 -1.064118e-01 -2.692316e-02 9.939576e-01 1.095667e-02 9.995409e-01 2.824740e-02 -9.942618e-01 1.389632e-02 -1.060680e-01 7.216039e+01 8.270367e-02 3.271121e-01 9.996297e-01 -2.707808e-02 2.687515e-03 2.713488e-02 9.993433e-01 -2.401428e-02 -2.035489e-03 2.407832e-02 9.997080e-01
3.300000e+00 7.324197e+01 8.891849e-01 3.162600e-01 -3.874876e-01 -6.464808e-02 -9.196053e-01 -4.468845e-02 9.976826e-01 -5.130684e-02 9.207911e-01 2.121498e-02 -3.894786e-01 7.330053e+01 -6.420258e-01 3.054465e-01 -1.761575e-01 -6.778225e-02 -9.820255e-01 -2.689696e-02 9.975854e-01 -6.403141e-02 9.839945e-01 1.513389e-02 -1.775552e-01 7.033848e+01 7.752854e-01 3.184793e-01 2.504635e-01 -3.793375e-02 -9.673826e-01 -2.103510e-02 9.987829e-01 -4.461121e-02 9.678975e-01 3.152247e-02 2.493608e-01 7.039261e+01 -7.475756e-01 3.043982e-01 4.207885e-01 -3.718442e-02 -9.063964e-01 -4.232243e-04 9.991514e-01 -4.118612e-02 9.071587e-01 1.771426e-02 4.204157e-01 7.327093e+01 1.221676e-01 3.260915e-01 9.993009e-01 -3.726162e-02 3.048221e-03 3.733433e-02 9.988839e-01 -2.893299e-02 -1.966728e-03 2.902656e-02 9.995767e-01
3.350000e+00 7.434428e+01 9.365046e-01 3.169807e-01 1.327371e-01 -7.465900e-02 9.883354e-01 3.504932e-02 9.968889e-01 7.059788e-02 -9.905314e-01 2.526953e-02 1.349409e-01 7.441847e+01 -5.938260e-01 3.043495e-01 -1.494925e-01 -7.766810e-02 9.857077e-01 6.660031e-03 9.968084e-01 7.955283e-02 -9.887404e-01 1.845740e-02 -1.484981e-01 7.144232e+01 7.925838e-01 3.196777e-01 -5.006324e-01 -4.825302e-02 8.643141e-01 6.808880e-03 9.981949e-01 5.967120e-02 -8.656332e-01 3.575835e-02 -4.994001e-01 7.151171e+01 -7.295217e-01 3.038798e-01 -6.901927e-01 -4.755168e-02 7.220615e-01 -1.740265e-02 9.986407e-01 4.913135e-02 -7.234163e-01 2.134432e-02 -6.900821e-01 7.438108e+01 1.697737e-01 3.255182e-01 9.988623e-01 -4.754798e-02 3.657978e-03 4.764435e-02 9.982968e-01 -3.366652e-02 -2.050974e-03 3.380249e-02 9.994264e-01
3.400000e+00 7.544621e+01 9.922055e-01 3.174531e-01 1.285572e-01 -8.460873e-02 -9.880862e-01 -1.711643e-02 9.960162e-01 -8.751473e-02 9.915544e-01 2.816317e-02 1.265969e-01 7.553597e+01 -5.371368e-01 3.037106e-01 4.579966e-01 -8.763803e-02 -8.846235e-01 2.146439e-02 9.959287e-01 -8.755206e-02 8.886948e-01 2.111064e-02 4.580130e-01 7.254612e+01 8.184177e-01 3.204418e-01 7.115980e-01 -5.851960e-02 -7.001455e-01 1.444223e-02 9.975330e-01 -6.869738e-02 7.024384e-01 3.877326e-02 7.106876e-01 7.263074e+01 -7.027608e-01 3.030796e-01 8.870573e-01 -5.782456e-02 -4.580237e-01 4.014449e-02 9.980282e-01 -4.825096e-02 4.599106e-01 2.441424e-02 8.876295e-01 7.549082e+01 2.258602e-01 3.256312e-01 9.983201e-01 -5.777913e-02 4.299205e-03 5.789938e-02 9.976284e-01 -3.721960e-02 -2.138493e-03 3.740600e-02 9.992979e-01
3.450000e+00 7.654769e+01 1.056807e+00 3.177949e-01 -3.792046e-01 -9.448763e-02 9.204759e-01 -8.395727e-03 9.950831e-01 9.868736e-02 -9.252748e-01 2.969464e-02 -3.781333e-01 7.665294e+01 -4.714718e-01 3.036115e-01 -7.167673e-01 -9.768009e-02 6.904370e-01 -5.433038e-02 9.949531e-01 8.435943e-02 -6.951927e-01 2.295437e-02 -7.184568e-01 7.364978e+01 8.534394e-01 3.207243e-01 -8.704188e-01 -6.869328e-02 4.874961e-01 -4.009875e-02 9.968197e-01 6.886643e-02 -4.906763e-01 4.039465e-02 -8.704051e-01 7.374952e+01 -6.666819e-01 3.030822e-01 -9.873559e-01 -6.798970e-02 1.431985e-01 -6.347773e-02 9.973391e-01 3.585011e-02 -1.452549e-01 2.630690e-02 -9.890445e-01 7.660004e+01 2.909434e-01 3.265192e-01 9.976791e-01 -6.792080e-02 4.812390e-03 6.805788e-02 9.969056e-01 -3.933586e-02 -2.125775e-03 3.957209e-02 9.992145e-01
3.500000e+00 7.764863e+01 1.130906e+00 3.182397e-01 6.025516e-01 -1.042692e-01 -7.912392e-01 3.876785e-02 9.940822e-01 -1.014769e-01 7.971378e-01 3.047042e-02 6.030281e-01 7.776921e+01 -3.962060e-01 3.039568e-01 8.990646e-01 -1.077023e-01 -4.243621e-01 8.691352e-02 9.938849e-01 -6.810879e-02 4.291025e-01 2.435140e-02 9.029275e-01 7.475314e+01 8.983091e-01 3.209581e-01 9.671913e-01 -7.875209e-02 -2.415348e-01 6.630708e-02 9.960391e-01 -5.924007e-02 2.452434e-01 4.128101e-02 9.685822e-01 7.486790e+01 -6.206291e-01 3.033554e-01 9.790902e-01 -7.802961e-02 1.878662e-01 8.182112e-02 9.965686e-01 -1.250037e-02 -1.862461e-01 2.761041e-02 9.821151e-01 7.770864e+01 3.656107e-01 3.279927e-01 9.969435e-01 -7.795296e-02 5.203609e-03 7.810046e-02 9.961166e-01 -4.064631e-02 -2.014901e-03 4.092847e-02 9.991600e-01
3.550000e+00 7.874894e+01 1.214889e+00 3.187203e-01 -7.838646e-01 -1.139266e-01 6.103909e-01 -7.064853e-02 9.930042e-01 9.461258e-02 -6.168996e-01 3.104023e-02 -7.864295e-01 7.888466e+01 -3.109346e-01 3.041774e-01 -9.863912e-01 -1.176585e-01 1.148426e-01 -1.138301e-01 9.927200e-01 3.936674e-02 -1.186384e-01 2.575846e-02 -9.926034e-01 7.585610e+01 9.534431e-01 3.212484e-01 -9.958587e-01 -8.868386e-02 -2.001805e-02 -8.943449e-02 9.951740e-01 4.037597e-02 1.634075e-02 4.199907e-02 -9.989840e-01 7.598571e+01 -5.641825e-01 3.035861e-01 -8.627575e-01 -8.794067e-02 -4.979115e-01 -9.057211e-02 9.957101e-01 -1.892232e-02 4.974396e-01 2.877152e-02 -8.670214e-01 7.881649e+01 4.502412e-01 3.296610e-01 9.961172e-01 -8.786226e-02 5.538879e-03 8.801733e-02 9.952442e-01 -4.173543e-02 -1.845568e-03 4.206090e-02 9.991133e-01
3.600000e+00 7.984850e+01 1.308879e+00 3.190230e-01 9.121702e-01 -1.234688e-01 -3.907698e-01 1.009288e-01 9.918478e-01 -7.779016e-02 3.971889e-01 3.151795e-02 9.171955e-01 7.999919e+01 -2.155185e-01 3.042543e-01 9.703163e-01 -1.274943e-01 2.055032e-01 1.303336e-01 9.914702e-01 -2.821300e-04 -2.037143e-01 2.705771e-02 9.786564e-01 7.695856e+01 1.018965e+00 3.214003e-01 9.552821e-01 -9.848648e-02 2.788127e-01 1.064583e-01 9.942247e-01 -1.355743e-02 -2.758672e-01 4.263309e-02 9.602498e-01 7.710286e+01 -4.972236e-01 3.036018e-01 6.514129e-01 -9.772430e-02 7.524036e-01 8.659406e-02 9.947665e-01 5.423202e-02 -7.537657e-01 2.982624e-02 6.564661e-01 7.992352e+01 5.449526e-01 3.311452e-01 9.952039e-01 -9.764622e-02 5.861680e-03 9.780792e-02 9.942893e-01 -4.268856e-02 -1.659830e-03 4.305714e-02 9.990712e-01
3.650000e+00 8.094722e+01 1.412933e+00 3.191066e-01 -9.802247e-01 -1.329240e-01 1.465973e-01 -1.266315e-01 9.906124e-01 5.149349e-02 -1.520658e-01 3.191135e-02 -9.878551e-01 8.111268e+01 -1.099020e-01 3.042332e-01 -8.531950e-01 -1.371853e-01 -5.032281e-01 -1.325248e-01 9.901469e-01 -4.523615e-02 5.044755e-01 2.809494e-02 -8.629688e-01 7.806039e+01 1.094916e+00 3.213664e-01 -8.488085e-01 -1.081630e-01 -5.175180e-01 -1.148607e-01 9.931962e-01 -1.919236e-02 5.160728e-01 4.315184e-02 -8.554570e-01 7.821922e+01 -4.197227e-01 3.034972e-01 -3.688705e-01 -1.073877e-01 -9.232564e-01 -6.847938e-02 9.937437e-01 -8.822662e-02 9.269548e-01 3.067983e-02 -3.739166e-01 8.102961e+01 6.497948e-01 3.322249e-01 9.942064e-01 -1.073083e-01 6.209928e-03 1.074773e-01 9.932574e-01 -4.345603e-02 -1.504862e-03 4.387169e-02 9.990360e-01
3.700000e+00 8.204498e+01 1.527142e+00 3.190830e-01 9.840546e-01 -1.423063e-01 1.067024e-01 1.449219e-01 9.892947e-01 -1.713377e-02 -1.031219e-01 3.232408e-02 9.941434e-01 8.222504e+01 5.999620e-03 3.041091e-01 6.478261e-01 -1.467198e-01 7.475257e-01 1.181262e-01 9.887558e-01 9.169556e-02 -7.525740e-01 2.889963e-02 6.578733e-01 7.916148e+01 1.181369e+00 3.212522e-01 6.837117e-01 -1.177160e-01 7.201953e-01 1.128291e-01 9.920886e-01 5.504360e-02 -7.209771e-01 4.362505e-02 6.915844e-01 7.933469e+01 -3.316100e-01 3.033270e-01 4.667403e-02 -1.169336e-01 9.920424e-01 3.707815e-02 9.926431e-01 1.152600e-01 -9.982218e-01 3.140345e-02 5.066634e-02 8.213467e+01 7.648502e-01 3.328422e-01 9.931274e-01 -1.168501e-01 6.636832e-03 1.170297e-01 9.921482e-01 -4.411259e-02 -1.430161e-03 4.458613e-02 9.990045e-01
3.750000e+00 8.314168e+01 1.651587e+00 3.190586e-01 -9.233713e-01 -1.516196e-01 -3.526995e-01 -1.534060e-01 9.878941e-01 -2.306069e-02 3.519262e-01 3.281262e-02 -9.354524e-01 8.333617e+01 1.322592e-01 3.038943e-01 -3.760199e-01 -1.561027e-01 -9.133679e-01 -8.705148e-02 9.872991e-01 -1.329004e-01 9.225135e-01 2.953684e-02 -3.848330e-01 8.026171e+01 1.278384e+00 3.212173e-01 -4.714351e-01 -1.271500e-01 -8.726866e-01 -9.949836e-02 9.909023e-01 -9.062379e-02 8.762700e-01 4.410765e-02 -4.797973e-01 8.044916e+01 -2.328272e-01 3.031821e-01 2.794946e-01 -1.263664e-01 -9.517953e-01 4.575877e-03 9.914654e-01 -1.302896e-01 9.601364e-01 3.205994e-02 2.776875e-01 8.323859e+01 8.901933e-01 3.330594e-01 9.919693e-01 -1.262753e-01 7.173418e-03 1.264704e-01 9.909621e-01 -4.471485e-02 -1.462206e-03 4.526298e-02 9.989740e-01
3.800000e+00 8.423722e+01 1.786300e+00 3.190187e-01 8.020771e-01 -1.608693e-01 5.751464e-01 1.503086e-01 9.864144e-01 6.628702e-02 -5.779963e-01 3.328216e-02 8.153604e-01 8.444600e+01 2.689046e-01 3.037198e-01 6.625702e-02 -1.653551e-01 9.840059e-01 4.141201e-02 9.857790e-01 1.628646e-01 -9.969429e-01 2.995874e-02 7.216246e-02 8.136100e+01 1.385949e+00 3.212331e-01 2.271215e-01 -1.364810e-01 9.642555e-01 7.500000e-02 9.896419e-01 1.224086e-01 -9.709742e-01 4.451753e-02 2.350051e-01 8.156255e+01 -1.233854e-01 3.031392e-01 -5.739563e-01 -1.356999e-01 8.075640e-01 -5.175212e-02 9.902136e-01 1.296101e-01 -8.172490e-01 3.259739e-02 -5.753621e-01 8.434129e+01 1.025857e+00 3.330014e-01 9.907331e-01 -1.355993e-01 7.792356e-03 1.358138e-01 9.897031e-01 -4.519317e-02 -1.583957e-03 4.583268e-02 9.989479e-01
3.850000e+00 8.533149e+01 1.931298e+00 3.189522e-01 -6.280780e-01 -1.700714e-01 -7.593377e-01 -1.346338e-01 9.848576e-01 -1.092209e-01 7.664149e-01 3.363322e-02 -6.414647e-01 8.555444e+01 4.159479e-01 3.036103e-01 2.492562e-01 -1.745230e-01 -9.525823e-01 1.451914e-02 9.841909e-01 -1.765149e-01 9.683287e-01 3.016677e-02 2.478496e-01 8.245924e+01 1.504014e+00 3.212173e-01 3.201516e-02 -1.457360e-01 -9.888054e-01 -4.052320e-02 9.883098e-01 -1.469750e-01 9.986656e-01 4.477499e-02 2.573520e-02 8.267481e+01 -3.334655e-03 3.031870e-01 8.048018e-01 -1.449586e-01 -5.755702e-01 9.846440e-02 9.888886e-01 -1.113741e-01 5.853194e-01 3.296086e-02 8.101326e-01 8.544267e+01 1.171862e+00 3.328017e-01 9.894179e-01 -1.448487e-01 8.431967e-03 1.450834e-01 9.883737e-01 -4.547771e-02 -1.746546e-03 4.621980e-02 9.989298e-01
3.900000e+00 8.642438e+01 2.086600e+00 3.188833e-01 4.128066e-01 -1.792396e-01 8.930083e-01 1.064059e-01 9.832226e-01 1.481591e-01 -9.045819e-01 3.386028e-02 4.249530e-01 8.666144e+01 5.734116e-01 3.035520e-01 -5.378924e-01 -1.836456e-01 8.227673e-01 -7.469926e-02 9.825275e-01 1.704694e-01 -8.396975e-01 3.023409e-02 -5.422122e-01 8.355631e+01 1.632531e+00 3.211654e-01 -2.880222e-01 -1.549414e-01 9.450060e-01 -1.645736e-03 9.869026e-01 1.613090e-01 -9.576223e-01 4.490536e-02 -2.845049e-01 8.378585e+01 1.272820e-01 3.032501e-01 -9.471199e-01 -1.541678e-01 2.814180e-01 -1.381342e-01 9.874874e-01 7.607605e-02 -2.896252e-01 3.317970e-02 -9.565649e-01 8.654264e+01 1.328231e+00 3.325736e-01 9.880217e-01 -1.540502e-01 9.040077e-03 1.543035e-01 9.869707e-01 -4.559791e-02 -1.897926e-03 4.644664e-02 9.989190e-01
3.950000e+00 8.751578e+01 2.252213e+00 3.188498e-01 -1.706383e-01 -1.883837e-01 -9.671578e-01 -6.680173e-02 9.815069e-01 -1.793926e-01 9.830667e-01 3.399657e-02 -1.800670e-01 8.776690e+01 7.413066e-01 3.035332e-01 7.699110e-01 -1.927470e-01 -6.083466e-01 1.320582e-01 9.807825e-01 -1.436185e-01 6.243377e-01 3.023629e-02 7.805691e-01 8.465210e+01 1.771461e+00 3.211533e-01 5.231485e-01 -1.641157e-01 -8.362905e-01 4.829302e-02 9.854153e-01 -1.631702e-01 8.508722e-01 4.497524e-02 5.234441e-01 8.489560e+01 2.684255e-01 3.032798e-01 9.856497e-01 -1.633467e-01 4.257297e-02 1.645582e-01 9.860065e-01 -2.667875e-02 -3.761934e-02 3.330163e-02 9.987371e-01 8.764110e+01 1.494975e+00 3.323936e-01 9.865427e-01 -1.632227e-01 9.587293e-03 1.634918e-01 9.854897e-01 -4.561340e-02 -2.003034e-03 4.656700e-02 9.989132e-01
4.000000e+00 8.860558e+01 2.428116e+00 3.188336e-01 -8.212270e-02 -1.975086e-01 9.768553e-01 1.806633e-02 9.797100e-01 1.996045e-01 -9.964585e-01 3.404025e-02 -7.688818e-02 8.887074e+01 9.196143e-01 3.035562e-01 -9.214994e-01 -2.018403e-01 3.318123e-01 -1.793697e-01 9.789529e-01 9.735348e-02 -3.444785e-01 3.019408e-02 -9.383085e-01 8.574652e+01 1.920747e+00 3.210950e-01 -7.214007e-01 -1.732712e-01 6.704909e-01 -9.569580e-02 9.838467e-01 1.512881e-01 -6.858741e-01 4.497616e-02 -7.263290e-01 8.600396e+01 4.200466e-01 3.032866e-01 -9.164981e-01 -1.725070e-01 -3.609329e-01 -1.728161e-01 9.844442e-01 -3.168979e-02 3.607850e-01 3.333139e-02 -9.320532e-01 8.873794e+01 1.672074e+00 3.322910e-01 9.849795e-01 -1.723778e-01 1.006280e-02 1.726591e-01 9.839283e-01 -4.553984e-02 -2.051020e-03 4.659324e-02 9.989118e-01
4.050000e+00 8.969368e+01 2.614279e+00 3.188258e-01 3.285460e-01 -2.066137e-01 -9.216118e-01 3.658825e-02 9.778311e-01 -2.061740e-01 9.437790e-01 3.401747e-02 3.288221e-01 8.997285e+01 1.108308e+00 3.036012e-01 9.772538e-01 -2.109254e-01 -2.203341e-02 2.100768e-01 9.770377e-01 -3.556892e-02 2.902986e-02 3.013115e-02 9.991243e-01 8.683947e+01 2.080351e+00 3.210080e-01 8.695201e-01 -1.824099e-01 -4.589786e-01 1.398157e-01 9.821955e-01 -1.254733e-01 4.736943e-01 4.492913e-02 8.795425e-01 8.711085e+01 5.821104e-01 3.032921e-01 7.475470e-01 -1.816507e-01 6.388869e-01 1.600096e-01 9.827992e-01 9.220951e-02 -6.446475e-01 3.329707e-02 7.637545e-01 8.983306e+01 1.859500e+00 3.322536e-01 9.833319e-01 -1.815168e-01 1.048674e-02 1.818078e-01 9.822852e-01 -4.540623e-02 -2.058979e-03 4.655597e-02 9.989136e-01
4.100000e+00 9.077999e+01 2.810673e+00 3.188281e-01 -5.522009e-01 -2.156916e-01 8.053268e-01 -9.320142e-02 9.758701e-01 1.974615e-01 -8.284852e-01 3.398084e-02 -5.589791e-01 9.107314e+01 1.307357e+00 3.036302e-01 -9.317803e-01 -2.199918e-01 -2.887718e-01 -2.191621e-01 9.750376e-01 -3.563177e-02 2.894020e-01 3.008684e-02 -9.567347e-01 8.793086e+01 2.250257e+00 3.209640e-01 -9.573386e-01 -1.915251e-01 2.163814e-01 -1.765355e-01 9.804609e-01 8.678473e-02 -2.287750e-01 4.488337e-02 -9.724441e-01 8.821614e+01 7.546003e-01 3.033061e-01 -4.975955e-01 -1.907712e-01 -8.461708e-01 -1.258487e-01 9.810711e-01 -1.471787e-01 8.582312e-01 3.325407e-02 -5.121849e-01 9.092638e+01 2.057219e+00 3.322516e-01 9.816009e-01 -1.906329e-01 1.089600e-02 1.909330e-01 9.805590e-01 -4.526198e-02 -2.055744e-03 4.650961e-02 9.989157e-01
4.150000e+00 9.186442e+01 3.017253e+00 3.188284e-01 7.382566e-01 -2.247382e-01 -6.359795e-01 1.474321e-01 9.738279e-01 -1.729829e-01 6.582104e-01 3.394201e-02 7.520685e-01 9.217150e+01 1.516720e+00 3.036485e-01 7.902142e-01 -2.290311e-01 5.684243e-01 2.038669e-01 9.729550e-01 1.086133e-01 -5.779271e-01 3.005518e-02 8.155348e-01 8.902061e+01 2.430431e+00 3.209594e-01 9.788398e-01 -2.006126e-01 4.033881e-02 2.021171e-01 9.786438e-01 -3.748208e-02 -3.195795e-02 4.484212e-02 9.984828e-01 8.931975e+01 9.374841e-01 3.033357e-01 1.942642e-01 -1.998641e-01 9.603727e-01 7.282999e-02 9.792605e-01 1.890628e-01 -9.782419e-01 3.321580e-02 2.047914e-01 9.201779e+01 2.265191e+00 3.322628e-01 9.797874e-01 -1.997216e-01 1.130750e-02 2.000309e-01 9.787504e-01 -4.511503e-02 -2.056774e-03 4.646499e-02 9.989178e-01
4.200000e+00 9.294687e+01 3.233978e+00 3.188193e-01 -8.744714e-01 -2.337566e-01 4.250383e-01 -1.948742e-01 9.717044e-01 1.334714e-01 -4.442114e-01 3.388790e-02 -8.952809e-01 9.326785e+01 1.736352e+00 3.036695e-01 -5.676228e-01 -2.380435e-01 -7.881241e-01 -1.641275e-01 9.707906e-01 -1.750078e-01 8.067630e-01 3.001437e-02 -5.901123e-01 9.010862e+01 2.620824e+00 3.209565e-01 -9.327449e-01 -2.096743e-01 -2.932979e-01 -2.135484e-01 9.767451e-01 -1.913460e-02 2.904893e-01 4.478560e-02 -9.558296e-01 9.042159e+01 1.130714e+00 3.033758e-01 1.291070e-01 -2.089307e-01 -9.693706e-01 -6.051915e-03 9.773678e-01 -2.114604e-01 9.916122e-01 3.316757e-02 1.249206e-01 9.310720e+01 2.483369e+00 3.322772e-01 9.778915e-01 -2.087845e-01 1.171728e-02 2.091028e-01 9.768601e-01 -4.494893e-02 -2.061503e-03 4.640530e-02 9.989206e-01
4.250000e+00 9.402725e+01 3.460812e+00 3.188063e-01 9.519531e-01 -2.427520e-01 -1.866995e-01 2.313594e-01 9.694986e-01 -8.090245e-02 2.006442e-01 3.382065e-02 9.790802e-01 9.436209e+01 1.966220e+00 3.036912e-01 2.873919e-01 -2.470326e-01 9.254084e-01 1.027611e-01 9.685438e-01 2.266342e-01 -9.522847e-01 2.996316e-02 3.037370e-01 9.119480e+01 2.821392e+00 3.209404e-01 8.224989e-01 -2.187140e-01 5.250331e-01 2.088179e-01 9.747640e-01 7.893214e-02 -5.290469e-01 4.471472e-02 8.474137e-01 9.152157e+01 1.334243e+00 3.034091e-01 -4.371242e-01 -2.179752e-01 8.725877e-01 -6.724242e-02 9.753926e-01 2.099710e-01 -8.968840e-01 3.310848e-02 -4.410248e-01 9.419454e+01 2.711721e+00 3.322908e-01 9.759125e-01 -2.178255e-01 1.211981e-02 2.181526e-01 9.748875e-01 -4.476464e-02 -2.064576e-03 4.633034e-02 9.989240e-01
4.300000e+00 9.510548e+01 3.697724e+00 3.187960e-01 -9.657439e-01 -2.517267e-01 -6.302742e-02 -2.533110e-01 9.672095e-01 1.842128e-02 5.632359e-02 3.375578e-02 -9.978418e-01 9.545415e+01 2.206294e+00 3.037059e-01 2.122563e-02 -2.560002e-01 -9.664437e-01 -2.531890e-02 9.662138e-01 -2.564954e-01 9.994541e-01 2.991357e-02 1.402686e-02 9.227907e+01 3.032095e+00 3.209200e-01 -6.559491e-01 -2.277343e-01 -7.196303e-01 -1.871385e-01 9.726992e-01 -1.372422e-01 7.312386e-01 4.464665e-02 -6.806591e-01 9.261961e+01 1.548035e+00 3.034248e-01 6.961951e-01 -2.270003e-01 -6.810164e-01 1.384478e-01 9.733337e-01 -1.829036e-01 7.043753e-01 3.305137e-02 7.090578e-01 9.527969e+01 2.950215e+00 3.323000e-01 9.738499e-01 -2.268473e-01 1.251701e-02 2.271830e-01 9.728313e-01 -4.457836e-02 -2.064461e-03 4.625628e-02 9.989275e-01
4.350000e+00 9.618145e+01 3.944684e+00 3.187876e-01 9.151752e-01 -2.606807e-01 3.074085e-01 2.580774e-01 9.648366e-01 4.986273e-02 -3.095972e-01 3.370205e-02 9.502704e-01 9.654392e+01 2.456544e+00 3.037130e-01 -3.261587e-01 -2.649456e-01 9.074273e-01 -6.042183e-02 9.638006e-01 2.596876e-01 -9.433821e-01 2.987094e-02 -3.303604e-01 9.336132e+01 3.252900e+00 3.209049e-01 4.448173e-01 -2.367359e-01 8.637672e-01 1.490738e-01 9.705502e-01 1.892332e-01 -8.831277e-01 4.459087e-02 4.670086e-01 9.371560e+01 1.772057e+00 3.034284e-01 -8.782114e-01 -2.360069e-01 4.159873e-01 -1.986273e-01 9.711908e-01 1.316650e-01 -4.350769e-01 3.300326e-02 -8.997883e-01 9.636258e+01 3.198820e+00 3.323016e-01 9.717036e-01 -2.358505e-01 1.291380e-02 2.361947e-01 9.706909e-01 -4.439928e-02 -2.063720e-03 4.619311e-02 9.989304e-01
4.400000e+00 9.725507e+01 4.201657e+00 3.187786e-01 -8.039031e-01 -2.696135e-01 -5.301399e-01 -2.441826e-01 9.623802e-01 -1.191602e-01 5.423234e-01 3.365768e-02 -8.394954e-01 9.763132e+01 2.716937e+00 3.037168e-01 5.958604e-01 -2.738681e-01 -7.549481e-01 1.452448e-01 9.613045e-01 -2.340890e-01 7.898445e-01 2.983213e-02 6.125812e-01 9.444147e+01 3.483774e+00 3.208966e-01 -2.038994e-01 -2.457183e-01 -9.476537e-01 -9.655724e-02 9.683172e-01 -2.303007e-01 9.742185e-01 4.454465e-02 -2.211652e-01 9.480946e+01 2.006276e+00 3.034308e-01 9.636260e-01 -2.449946e-01 -1.067828e-01 2.396188e-01 9.689640e-01 -6.075910e-02 1.183544e-01 3.296187e-02 9.924242e-01 9.744310e+01 3.457504e+00 3.322955e-01 9.694735e-01 -2.448346e-01 1.331277e-02 2.451876e-01 9.684664e-01 -4.422514e-02 -2.065130e-03 4.613922e-02 9.989329e-01
4.450000e+00 9.832625e+01 4.468613e+00 3.187694e-01 6.396363e-01 -2.785250e-01 7.164420e-01 2.114929e-01 9.598404e-01 1.843290e-01 -7.390102e-01 3.361890e-02 6.728549e-01 9.871625e+01 2.987441e+00 3.037203e-01 -8.025883e-01 -2.827678e-01 5.252564e-01 -2.194784e-01 9.587255e-01 1.807612e-01 -5.546902e-01 2.979443e-02 -8.315234e-01 9.551942e+01 3.724687e+00 3.208925e-01 -4.998547e-02 -2.546814e-01 9.657323e-01 3.280877e-02 9.660004e-01 2.564503e-01 -9.982109e-01 4.450327e-02 -3.993020e-02 9.590109e+01 2.250661e+00 3.034366e-01 -9.435547e-01 -2.539632e-01 -2.126197e-01 -2.550904e-01 9.666533e-01 -2.258811e-02 2.112661e-01 3.292411e-02 -9.768739e-01 9.852117e+01 3.726234e+00 3.322843e-01 9.671596e-01 -2.537995e-01 1.371356e-02 2.541613e-01 9.661581e-01 -4.405190e-02 -2.069122e-03 4.609068e-02 9.989351e-01
4.500000e+00 9.939490e+01 4.745522e+00 3.187617e-01 -4.336057e-01 -2.874150e-01 -8.540367e-01 -1.613001e-01 9.572172e-01 -2.402448e-01 8.865486e-01 3.358468e-02 -4.614149e-01 9.979861e+01 3.268027e+00 3.037242e-01 9.252692e-01 -2.916451e-01 -2.425283e-01 2.740898e-01 9.560636e-01 -1.040059e-01 2.622052e-01 2.975891e-02 9.645532e-01 9.659508e+01 3.975609e+00 3.208900e-01 2.991931e-01 -2.636251e-01 -9.170525e-01 3.785732e-02 9.635998e-01 -2.646550e-01 9.534413e-01 4.446579e-02 2.982826e-01 9.699041e+01 2.505184e+00 3.034433e-01 8.206913e-01 -2.629126e-01 5.072895e-01 2.414315e-01 9.642589e-01 1.091587e-01 -5.178576e-01 3.289011e-02 8.548343e-01 9.959670e+01 4.004982e+00 3.322718e-01 9.647621e-01 -2.627450e-01 1.411465e-02 2.631157e-01 9.637659e-01 -4.387925e-02 -2.074167e-03 4.604682e-02 9.989371e-01
4.550000e+00 1.004609e+02 5.032355e+00 3.187566e-01 1.997997e-01 -2.962830e-01 9.339681e-01 9.629742e-02 9.545106e-01 2.821992e-01 -9.750933e-01 3.355541e-02 2.192422e-01 1.008783e+02 3.558665e+00 3.037280e-01 -9.516533e-01 -3.005001e-01 -6.368442e-02 -3.017649e-01 9.533184e-01 1.104404e-02 5.739279e-02 2.972782e-02 -9.979090e-01 9.766836e+01 4.236512e+00 3.208881e-01 -5.264931e-01 -2.725494e-01 8.053086e-01 -1.103286e-01 9.611152e-01 2.531503e-01 -8.429903e-01 4.443334e-02 -5.360905e-01 9.807732e+01 2.769815e+00 3.034478e-01 -6.089571e-01 -2.718426e-01 -7.451663e-01 -1.983589e-01 9.617805e-01 -1.887643e-01 7.680006e-01 3.286103e-02 -6.396055e-01 1.006696e+02 4.293718e+00 3.322608e-01 9.622807e-01 -2.716711e-01 1.451480e-02 2.720507e-01 9.612898e-01 -4.370868e-02 -2.078545e-03 4.600878e-02 9.989389e-01
4.600000e+00 1.015242e+02 5.329083e+00 3.187535e-01 4.599564e-02 -3.051282e-01 -9.511999e-01 -2.044086e-02 9.517208e-01 -3.062837e-01 9.987325e-01 3.353106e-02 3.753793e-02 1.019553e+02 3.859327e+00 3.037315e-01 8.795429e-01 -3.093323e-01 3.615491e-01 2.978388e-01 9.504900e-01 8.866104e-02 -3.710746e-01 2.970215e-02 9.281279e-01 9.873918e+01 4.507369e+00 3.208865e-01 7.162635e-01 -2.814536e-01 -6.385535e-01 1.790672e-01 9.585468e-01 -2.216370e-01 6.744639e-01 4.440653e-02 7.369712e-01 9.916172e+01 3.044528e+00 3.034495e-01 3.319269e-01 -2.807526e-01 9.005568e-01 1.291396e-01 9.592183e-01 2.514423e-01 -9.344236e-01 3.283712e-02 3.546466e-01 1.017397e+02 4.592413e+00 3.322525e-01 9.597156e-01 -2.805772e-01 1.491362e-02 2.809656e-01 9.587296e-01 -4.354087e-02 -2.081550e-03 4.597707e-02 9.989403e-01
4.650000e+00 1.025847e+02 5.635679e+00 3.187516e-01 -2.872774e-01 -3.139496e-01 9.049350e-01 -6.129293e-02 9.488481e-01 3.097265e-01 -9.558843e-01 3.351131e-02 -2.918255e-01 1.030294e+02 4.169985e+00 3.037344e-01 -7.169705e-01 -3.181409e-01 -6.202738e-01 -2.609645e-01 9.475787e-01 -1.843696e-01 6.464138e-01 2.968183e-02 -7.624095e-01 9.980743e+01 4.788155e+00 3.208856e-01 -8.555655e-01 -2.903367e-01 4.286167e-01 -2.385289e-01 9.558946e-01 1.713751e-01 -4.594689e-01 4.438514e-02 -8.870841e-01 1.002435e+02 3.329298e+00 3.034495e-01 -2.019992e-02 -2.896417e-01 -9.569220e-01 -4.038927e-02 9.565724e-01 -2.886832e-01 9.989798e-01 3.281800e-02 -3.102110e-02 1.028071e+02 4.901040e+00 3.322467e-01 9.570669e-01 -2.894623e-01 1.531132e-02 2.898595e-01 9.560858e-01 -4.337556e-02 -2.083343e-03 4.595145e-02 9.989415e-01
4.700000e+00 1.036424e+02 5.952114e+00 3.187505e-01 5.079415e-01 -3.227460e-01 -7.986429e-01 1.432349e-01 9.458927e-01 -2.911541e-01 8.493993e-01 3.349570e-02 5.266867e-01 1.041006e+02 4.490610e+00 3.037365e-01 4.813084e-01 -3.269245e-01 8.133035e-01 1.934337e-01 9.445847e-01 2.652228e-01 -8.549419e-01 2.966631e-02 5.178748e-01 1.008730e+02 5.078845e+00 3.208859e-01 9.350296e-01 -2.991976e-01 -1.902641e-01 2.836004e-01 9.531591e-01 -1.051598e-01 2.128155e-01 4.436859e-02 9.760845e-01 1.013227e+02 3.624099e+00 3.034490e-01 -2.919895e-01 -2.985086e-01 9.086445e-01 -5.854905e-02 9.538431e-01 2.945428e-01 -9.546278e-01 3.280312e-02 -2.959895e-01 1.038715e+02 5.219570e+00 3.322429e-01 9.543350e-01 -2.983252e-01 1.570835e-02 2.987312e-01 9.533585e-01 -4.321205e-02 -2.084451e-03 4.593135e-02 9.989424e-01
4.750000e+00 1.046970e+02 6.278358e+00 3.187499e-01 -6.933658e-01 -3.315164e-01 6.397975e-01 -2.194186e-01 9.428551e-01 2.507583e-01 -6.863668e-01 3.348373e-02 -7.264843e-01 1.051688e+02 4.821171e+00 3.037380e-01 -1.974085e-01 -3.356820e-01 -9.210578e-01 -1.010960e-01 9.415085e-01 -3.214676e-01 9.750946e-01 2.965477e-02 -2.197979e-01 1.019359e+02 5.379413e+00 3.208871e-01 -9.494910e-01 -3.080348e-01 -5.984396e-02 -3.100232e-01 9.503405e-01 2.717570e-02 4.850107e-02 4.435610e-02 -9.978378e-01 1.023990e+02 3.928905e+00 3.034485e-01 5.705444e-01 -3.073521e-01 -7.615864e-01 1.565892e-01 9.510307e-01 -2.664966e-01 8.062003e-01 3.279196e-02 5.907332e-01 1.049329e+02 5.547973e+00 3.322405e-01 9.515202e-01 -3.071645e-01 1.610499e-02 3.075793e-01 9.505481e-01 -4.304948e-02 -2.085301e-03 4.591601e-02 9.989431e-01
4.800000e+00 1.057486e+02 6.614382e+00 3.187496e-01 8.313818e-01 -3.402594e-01 -4.393493e-01 2.840124e-01 9.397356e-01 -1.903524e-01 4.776414e-01 3.347487e-02 8.779169e-01 1.062339e+02 5.161639e+00 3.037389e-01 -1.050270e-01 -3.444120e-01 9.329253e-01 -7.130454e-03 9.383504e-01 3.456121e-01 -9.944438e-01 2.964643e-02 -1.010080e-01 1.029959e+02 5.689834e+00 3.208888e-01 8.983285e-01 -3.168473e-01 3.043250e-01 3.147686e-01 9.474392e-01 5.726756e-02 -3.064745e-01 4.434689e-02 9.508453e-01 1.034725e+02 4.243689e+00 3.034479e-01 -7.852417e-01 -3.161708e-01 5.323829e-01 -2.421464e-01 9.481357e-01 2.059221e-01 -5.698778e-01 3.278397e-02 -8.210752e-01 1.059913e+02 5.886220e+00 3.322390e-01 9.486227e-01 -3.159790e-01 1.650121e-02 3.164027e-01 9.476550e-01 -4.288705e-02 -2.086044e-03 4.590465e-02 9.989436e-01
4.850000e+00 1.067969e+02 6.960157e+00 3.187497e-01 -9.130769e-01 -3.489743e-01 2.109679e-01 -3.317596e-01 9.365345e-01 1.133082e-01 -2.371203e-01 3.346852e-02 -9.709036e-01 1.072957e+02 5.511985e+00 3.037395e-01 3.945643e-01 -3.531136e-01 -8.483100e-01 1.201182e-01 9.351108e-01 -3.333758e-01 9.109833e-01 2.964069e-02 4.113767e-01 1.040530e+02 6.010081e+00 3.208903e-01 -7.854802e-01 -3.256340e-01 -5.262921e-01 -2.963300e-01 9.444556e-01 -1.420988e-01 5.433317e-01 4.434037e-02 -8.383463e-01 1.045430e+02 4.568425e+00 3.034469e-01 9.130215e-01 -3.249638e-01 -2.465568e-01 3.045015e-01 9.451582e-01 -1.181303e-01 2.714233e-01 3.277854e-02 9.619017e-01 1.070464e+02 6.234281e+00 3.322383e-01 9.456428e-01 -3.247678e-01 1.689665e-02 3.252003e-01 9.446795e-01 -4.272413e-02 -2.086500e-03 4.589656e-02 9.989440e-01
4.900000e+00 1.078421e+02 7.315654e+00 3.187499e-01 9.333732e-01 -3.576600e-01 2.989629e-02 3.583943e-01 9.332521e-01 -2.437354e-02 -1.918333e-02 3.346427e-02 9.992558e-01 1.083543e+02 5.872177e+00 3.037397e-01 -6.413153e-01 -3.617859e-01 6.766281e-01 -2.256784e-01 9.317900e-01 2.843178e-01 -7.333375e-01 2.963702e-02 -6.792185e-01 1.051071e+02 6.340128e+00 3.208915e-01 6.191404e-01 -3.343937e-01 7.105251e-01 2.549077e-01 9.413900e-01 2.209229e-01 -7.427565e-01 4.433606e-02 6.680921e-01 1.056104e+02 4.903086e+00 3.034455e-01 -9.404711e-01 -3.337301e-01 -6.432964e-02 -3.351234e-01 9.420987e-01 1.192673e-02 5.662457e-02 3.277511e-02 -9.978574e-01 1.080983e+02 6.592126e+00 3.322380e-01 9.425810e-01 -3.335297e-01 1.729120e-02 3.339711e-01 9.416220e-01 -4.256015e-02 -2.086693e-03 4.589115e-02 9.989443e-01
