2.500000e+00 8.321519e+01 7.666141e-01 3.114266e-01 4.163522e-01 2.259437e-03 9.092006e-01 -6.205587e-05 9.999970e-01 -2.456656e-03 -9.092034e-01 9.664129e-04 4.163511e-01 8.321519e+01 -7.664027e-01 3.114266e-01 4.159874e-01 -2.262233e-03 9.093676e-01 6.223258e-05 9.999970e-01 2.459223e-03 -9.093704e-01 -9.664136e-04 4.159863e-01 8.030745e+01 7.620987e-01 3.123628e-01 -8.794030e-01 -4.848413e-04 4.760779e-01 2.131247e-03 9.999855e-01 4.955196e-03 -4.760734e-01 5.372254e-03 -8.793891e-01 8.030746e+01 -7.618955e-01 3.123628e-01 -8.791642e-01 4.820457e-04 4.765186e-01 -2.136189e-03 9.999855e-01 -4.952796e-03 -4.765141e-01 -5.372255e-03 -8.791504e-01 8.321470e+01 1.056559e-04 3.305675e-01 9.999974e-01 -1.397832e-06 2.266503e-03 1.397828e-06 1.000000e+00 3.607352e-09 -2.266503e-03 -4.391616e-10 9.999974e-01
2.550000e+00 8.488268e+01 7.666164e-01 3.114267e-01 9.996354e-01 2.259464e-03 2.690657e-02 -2.232644e-03 9.999970e-01 -1.026776e-03 -2.690881e-02 9.663290e-04 9.996374e-01 8.488268e+01 -7.664004e-01 3.114267e-01 9.996245e-01 -2.262260e-03 2.730762e-02 2.235027e-03 9.999970e-01 1.027749e-03 -2.730986e-02 -9.663296e-04 9.996265e-01 8.197494e+01 7.621010e-01 3.123627e-01 3.530471e-02 -4.848412e-04 9.993765e-01 5.386033e-03 9.999855e-01 2.948657e-04 -9.993621e-01 5.372264e-03 3.530681e-02 8.197495e+01 -7.618932e-01 3.123627e-01 3.580564e-02 4.820457e-04 9.993587e-01 -5.386080e-03 9.999855e-01 -2.893722e-04 -9.993443e-01 -5.372265e-03 3.580771e-02 8.488219e+01 1.079874e-04 3.305677e-01 9.999974e-01 -1.397774e-06 2.266388e-03 1.397770e-06 1.000000e+00 3.547242e-09 -2.266388e-03 -3.793441e-10 9.999974e-01
2.600000e+00 8.655016e+01 7.666187e-01 3.114267e-01 4.646351e-01 2.259489e-03 -8.854993e-01 -1.905461e-03 9.999970e-01 1.551822e-03 8.855002e-01 9.662533e-04 4.646380e-01 8.655016e+01 -7.663981e-01 3.114267e-01 4.649904e-01 -2.262284e-03 -8.853129e-01 1.907383e-03 9.999970e-01 -1.553533e-03 8.853137e-01 -9.662532e-04 4.649933e-01 8.364242e+01 7.621034e-01 3.123627e-01 9.108161e-01 -4.848410e-04 4.128122e-01 2.659336e-03 9.999855e-01 -4.693011e-03 -4.128039e-01 5.372276e-03 9.108041e-01 8.364243e+01 -7.618909e-01 3.123627e-01 9.110229e-01 4.820456e-04 4.123556e-01 -2.654437e-03 9.999855e-01 4.695496e-03 -4.123473e-01 -5.372276e-03 9.110109e-01 8.654967e+01 1.103188e-04 3.305680e-01 9.999974e-01 -1.397730e-06 2.266277e-03 1.397726e-06 1.000000e+00 3.263392e-09 -2.266277e-03 -9.574986e-11 9.999974e-01
2.650000e+00 8.821761e+01 7.666211e-01 3.114267e-01 -5.902265e-01 2.259511e-03 -8.072345e-01 5.536884e-04 9.999970e-01 2.394227e-03 8.072375e-01 9.661801e-04 -5.902260e-01 8.821761e+01 -7.663958e-01 3.114267e-01 -5.899026e-01 -2.262307e-03 -8.074712e-01 -5.543751e-04 9.999970e-01 -2.396708e-03 8.074742e-01 -9.661827e-04 -5.899021e-01 8.530988e+01 7.621057e-01 3.123627e-01 7.747446e-01 -4.848408e-04 -6.322742e-01 -3.021138e-03 9.999855e-01 -4.468701e-03 6.322671e-01 5.372289e-03 7.747318e-01 8.530988e+01 -7.618885e-01 3.123627e-01 7.744276e-01 4.820449e-04 -6.326624e-01 3.025544e-03 9.999855e-01 4.465419e-03 6.326554e-01 -5.372292e-03 7.744148e-01 8.821712e+01 1.126518e-04 3.305682e-01 9.999974e-01 -1.397947e-06 2.266163e-03 1.397940e-06 1.000000e+00 4.591406e-09 -2.266163e-03 -1.423433e-09 9.999974e-01
2.700000e+00 8.988505e+01 7.666234e-01 3.114268e-01 -9.846982e-01 2.259533e-03 1.742537e-01 2.393312e-03 9.999970e-01 5.575968e-04 -1.742519e-01 9.661081e-04 -9.847006e-01 8.988505e+01 -7.663934e-01 3.114268e-01 -9.847680e-01 -2.262330e-03 1.738587e-01 -2.395843e-03 9.999970e-01 -5.580776e-04 -1.738569e-01 -9.661150e-04 -9.847705e-01 8.697732e+01 7.621080e-01 3.123626e-01 -2.218879e-01 -4.848406e-04 -9.750721e-01 -5.345963e-03 9.999855e-01 7.193017e-04 9.750575e-01 5.372303e-03 -2.218873e-01 8.697732e+01 -7.618862e-01 3.123626e-01 -2.223766e-01 4.820441e-04 -9.749607e-01 5.344987e-03 9.999855e-01 -7.247092e-04 9.749462e-01 -5.372310e-03 -2.223760e-01 8.988457e+01 1.149857e-04 3.305684e-01 9.999974e-01 -1.398284e-06 2.266049e-03 1.398273e-06 1.000000e+00 6.661602e-09 -2.266049e-03 -3.493030e-09 9.999974e-01
2.750000e+00 9.155249e+01 7.666257e-01 3.114268e-01 -2.773588e-01 2.259556e-03 9.607637e-01 1.554846e-03 9.999970e-01 -1.902964e-03 -9.607651e-01 9.660360e-04 -2.773615e-01 9.155250e+01 -7.663911e-01 3.114268e-01 -2.777442e-01 -2.262353e-03 9.606524e-01 -1.556397e-03 9.999970e-01 1.905024e-03 -9.606538e-01 -9.660473e-04 -2.777469e-01 8.864476e+01 7.621104e-01 3.123626e-01 -9.720502e-01 -4.848405e-04 -2.347726e-01 -1.732556e-03 9.999855e-01 5.108338e-03 2.347667e-01 5.372317e-03 -9.720369e-01 8.864476e+01 -7.618839e-01 3.123626e-01 -9.721678e-01 4.820433e-04 -2.342853e-01 1.727278e-03 9.999855e-01 -5.109872e-03 2.342795e-01 -5.372329e-03 -9.721544e-01 9.155201e+01 1.173196e-04 3.305687e-01 9.999974e-01 -1.398622e-06 2.265935e-03 1.398606e-06 1.000000e+00 8.731799e-09 -2.265935e-03 -5.562627e-09 9.999974e-01
2.800000e+00 9.321993e+01 7.666281e-01 3.114268e-01 7.403264e-01 2.259578e-03 6.722438e-01 -1.023462e-03 9.999970e-01 -2.234122e-03 -6.722468e-01 9.659640e-04 7.403265e-01 9.321994e+01 -7.663888e-01 3.114268e-01 7.400567e-01 -2.262375e-03 6.725407e-01 1.024625e-03 9.999970e-01 2.236426e-03 -6.725438e-01 -9.659797e-04 7.400567e-01 9.031220e+01 7.621127e-01 3.123625e-01 -6.424718e-01 -4.848404e-04 7.663092e-01 3.805376e-03 9.999855e-01 3.823104e-03 -7.662999e-01 5.372331e-03 -6.424606e-01 9.031220e+01 -7.618815e-01 3.123625e-01 -6.420876e-01 4.820425e-04 7.666311e-01 -3.809100e-03 9.999855e-01 -3.819061e-03 -7.666218e-01 -5.372347e-03 -6.420764e-01 9.321945e+01 1.196535e-04 3.305689e-01 9.999974e-01 -1.398959e-06 2.265821e-03 1.398938e-06 1.000000e+00 1.080200e-08 -2.265821e-03 -7.632223e-09 9.999974e-01
2.850000e+00 9.488733e+01 7.666303e-01 3.114269e-01 9.295854e-01 2.259604e-03 -3.685999e-01 -2.456536e-03 9.999970e-01 -6.501225e-05 3.685986e-01 9.659134e-04 9.295882e-01 9.488733e+01 -7.663865e-01 3.114269e-01 9.297332e-01 -2.262393e-03 -3.682269e-01 2.459096e-03 9.999970e-01 6.495328e-05 3.682256e-01 -9.658946e-04 9.297360e-01 9.197960e+01 7.621150e-01 3.123625e-01 4.008775e-01 -4.848353e-04 9.161315e-01 5.116152e-03 9.999855e-01 -1.709495e-03 -9.161174e-01 5.372366e-03 4.008742e-01 9.197960e+01 -7.618793e-01 3.123625e-01 4.013367e-01 4.820463e-04 9.159305e-01 -5.114158e-03 9.999855e-01 1.714606e-03 -9.159163e-01 -5.372347e-03 4.013333e-01 9.488685e+01 1.219240e-04 3.305691e-01 9.999974e-01 -1.394511e-06 2.265708e-03 1.394528e-06 1.000000e+00 -5.924340e-09 -2.265708e-03 9.083917e-09 9.999974e-01
2.900000e+00 9.655471e+01 7.666326e-01 3.114269e-01 7.841580e-02 2.259631e-03 -9.969182e-01 -1.140091e-03 9.999970e-01 2.176932e-03 9.969201e-01 9.658714e-04 7.841814e-02 9.655471e+01 -7.663842e-01 3.114269e-01 7.881573e-02 -2.262408e-03 -9.968866e-01 1.141114e-03 9.999970e-01 -2.179248e-03 9.968885e-01 -9.658027e-04 7.881807e-02 9.364698e+01 7.621173e-01 3.123625e-01 9.988445e-01 -4.848283e-04 4.805599e-02 7.424376e-04 9.999855e-01 -5.342904e-03 -4.805270e-02 5.372409e-03 9.988304e-01 9.364698e+01 -7.618770e-01 3.123624e-01 9.988685e-01 4.820521e-04 4.755527e-02 -7.369829e-04 9.999855e-01 5.343339e-03 -4.755200e-02 -5.372341e-03 9.988543e-01 9.655423e+01 1.241692e-04 3.305694e-01 9.999974e-01 -1.388144e-06 2.265595e-03 1.388216e-06 1.000000e+00 -3.018264e-08 -2.265595e-03 3.332770e-08 9.999974e-01
2.950000e+00 9.822209e+01 7.666348e-01 3.114270e-01 -8.605230e-01 2.259659e-03 -5.094066e-01 1.452490e-03 9.999970e-01 1.982210e-03 5.094095e-01 9.658293e-04 -8.605237e-01 9.822209e+01 -7.663820e-01 3.114269e-01 -8.603186e-01 -2.262423e-03 -5.097518e-01 -1.454134e-03 9.999970e-01 -1.984100e-03 5.097547e-01 -9.657107e-04 -8.603193e-01 9.531436e+01 7.621195e-01 3.123624e-01 4.869754e-01 -4.848212e-04 -8.734155e-01 -4.456291e-03 9.999855e-01 -3.039697e-03 8.734043e-01 5.372452e-03 4.869662e-01 9.531436e+01 -7.618747e-01 3.123624e-01 4.865375e-01 4.820579e-04 -8.736595e-01 4.459056e-03 9.999855e-01 3.034991e-03 8.736483e-01 -5.372334e-03 4.865283e-01 9.822160e+01 1.264143e-04 3.305696e-01 9.999974e-01 -1.381778e-06 2.265482e-03 1.381905e-06 1.000000e+00 -5.444094e-08 -2.265482e-03 5.757148e-08 9.999974e-01
3.000000e+00 9.988947e+01 7.666371e-01 3.114271e-01 -8.362962e-01 2.259686e-03 5.482733e-01 2.419289e-03 9.999970e-01 -4.312398e-04 -5.482726e-01 9.657873e-04 -8.362991e-01 9.988947e+01 -7.663798e-01 3.114269e-01 -8.365161e-01 -2.262439e-03 5.479377e-01 -2.421672e-03 9.999970e-01 4.319185e-04 -5.479371e-01 -9.656187e-04 -8.365190e-01 9.698174e+01 7.621218e-01 3.123624e-01 -5.659818e-01 -4.848142e-04 -8.244176e-01 -4.703572e-03 9.999855e-01 2.641051e-03 8.244043e-01 5.372495e-03 -5.659758e-01 9.698174e+01 -7.618725e-01 3.123623e-01 -5.663950e-01 4.820636e-04 -8.241338e-01 4.700552e-03 9.999855e-01 -2.645581e-03 8.241205e-01 -5.372328e-03 -5.663890e-01 9.988898e+01 1.286595e-04 3.305698e-01 9.999974e-01 -1.375411e-06 2.265369e-03 1.375593e-06 1.000000e+00 -7.869924e-08 -2.265369e-03 8.181526e-08 9.999974e-01
3.050000e+00 1.015568e+02 7.666393e-01 3.114271e-01 1.239796e-01 2.259714e-03 9.922822e-01 6.781376e-04 9.999970e-01 -2.362012e-03 -9.922845e-01 9.657453e-04 1.239777e-01 1.015569e+02 -7.663775e-01 3.114269e-01 1.235816e-01 -2.262454e-03 9.923318e-01 -6.785296e-04 9.999970e-01 2.364432e-03 -9.923342e-01 -9.655267e-04 1.235797e-01 9.864912e+01 7.621241e-01 3.123624e-01 -9.900653e-01 -4.848071e-04 1.406072e-01 2.754336e-04 9.999855e-01 5.387331e-03 -1.406077e-01 5.372538e-03 -9.900508e-01 9.864912e+01 -7.618702e-01 3.123622e-01 -9.899947e-01 4.820694e-04 1.411035e-01 -2.808144e-04 9.999855e-01 -5.386592e-03 -1.411041e-01 -5.372321e-03 -9.899802e-01 1.015564e+02 1.309047e-04 3.305700e-01 9.999974e-01 -1.369045e-06 2.265256e-03 1.369282e-06 1.000000e+00 -1.029575e-07 -2.265256e-03 1.060590e-07 9.999974e-01
3.100000e+00 1.032242e+02 7.666416e-01 3.114272e-01 9.454876e-01 2.259742e-03 3.256502e-01 -1.822079e-03 9.999970e-01 -1.648952e-03 -3.256529e-01 9.657033e-04 9.454889e-01 1.032242e+02 -7.663753e-01 3.114270e-01 9.453569e-01 -2.262470e-03 3.260294e-01 1.824084e-03 9.999970e-01 1.650318e-03 -3.260322e-01 -9.654348e-04 9.453582e-01 1.003165e+02 7.621263e-01 3.123624e-01 -3.140676e-01 -4.848001e-04 9.494005e-01 4.948474e-03 9.999855e-01 2.147617e-03 -9.493877e-01 5.372581e-03 -3.140606e-01 1.003165e+02 -7.618679e-01 3.123622e-01 -3.135915e-01 4.820751e-04 9.495579e-01 -4.950153e-03 9.999855e-01 -2.142464e-03 -9.495451e-01 -5.372315e-03 -3.135845e-01 1.032237e+02 1.331498e-04 3.305702e-01 9.999974e-01 -1.362679e-06 2.265143e-03 1.362970e-06 1.000000e+00 -1.272158e-07 -2.265143e-03 1.303028e-07 9.999974e-01
3.150000e+00 1.048916e+02 7.666438e-01 3.114272e-01 7.087309e-01 2.259769e-03 -7.054753e-01 -2.282825e-03 9.999970e-01 9.098174e-04 7.054753e-01 9.656613e-04 7.087339e-01 1.048916e+02 -7.663730e-01 3.114270e-01 7.090138e-01 -2.262485e-03 -7.051910e-01 2.284891e-03 9.999970e-01 -9.110424e-04 7.051909e-01 -9.653428e-04 7.090168e-01 1.019839e+02 7.621286e-01 3.123624e-01 7.108970e-01 -4.847931e-04 7.032960e-01 4.123179e-03 9.999854e-01 -3.478435e-03 -7.032841e-01 5.372624e-03 7.108886e-01 1.019839e+02 -7.618657e-01 3.123621e-01 7.112495e-01 4.820809e-04 7.029394e-01 -4.119283e-03 9.999855e-01 3.482184e-03 -7.029275e-01 -5.372308e-03 7.112412e-01 1.048911e+02 1.353950e-04 3.305705e-01 9.999974e-01 -1.356312e-06 2.265030e-03 1.356659e-06 1.000000e+00 -1.514741e-07 -2.265030e-03 1.545466e-07 9.999974e-01
3.200000e+00 1.065589e+02 7.666461e-01 3.114273e-01 -3.215129e-01 2.259791e-03 -9.469025e-01 -1.877736e-04 9.999970e-01 2.450258e-03 9.469052e-01 9.655930e-04 -3.215115e-01 1.065589e+02 -7.663708e-01 3.114270e-01 -3.211331e-01 -2.262502e-03 -9.470314e-01 1.875980e-04 9.999970e-01 -2.452653e-03 9.470341e-01 -9.652893e-04 -3.211317e-01 1.036512e+02 7.621308e-01 3.123623e-01 9.458974e-01 -4.847906e-04 -3.244656e-01 -1.284680e-03 9.999854e-01 -5.239257e-03 3.244634e-01 5.372634e-03 9.458830e-01 1.036512e+02 -7.618634e-01 3.123621e-01 9.457346e-01 4.820821e-04 -3.249399e-01 1.289771e-03 9.999855e-01 5.237448e-03 3.249377e-01 -5.372333e-03 9.457202e-01 1.065584e+02 1.376399e-04 3.305707e-01 9.999974e-01 -1.354459e-06 2.264927e-03 1.354790e-06 1.000000e+00 -1.442972e-07 -2.264927e-03 1.473654e-07 9.999974e-01
3.250000e+00 1.082262e+02 7.666483e-01 3.114273e-01 -9.917664e-01 2.259811e-03 -1.280399e-01 2.117584e-03 9.999970e-01 1.246921e-03 1.280424e-01 9.655192e-04 -9.917682e-01 1.082262e+02 -7.663685e-01 3.114271e-01 -9.917150e-01 -2.262521e-03 -1.284377e-01 -2.119806e-03 9.999970e-01 -1.247845e-03 1.284402e-01 -9.652438e-04 -9.917168e-01 1.053185e+02 7.621331e-01 3.123623e-01 1.294687e-01 -4.847890e-04 -9.915834e-01 -5.264655e-03 9.999854e-01 -1.176290e-03 9.915695e-01 5.372637e-03 1.294642e-01 1.053185e+02 -7.618612e-01 3.123621e-01 1.289714e-01 4.820823e-04 -9.916482e-01 5.265323e-03 9.999855e-01 1.170931e-03 9.916343e-01 -5.372365e-03 1.289670e-01 1.082257e+02 1.398847e-04 3.305709e-01 9.999974e-01 -1.353543e-06 2.264825e-03 1.353842e-06 1.000000e+00 -1.305988e-07 -2.264825e-03 1.336647e-07 9.999974e-01
3.300000e+00 1.098935e+02 7.666506e-01 3.114273e-01 -5.514584e-01 2.259831e-03 8.341993e-01 2.051583e-03 9.999970e-01 -1.352748e-03 -8.341999e-01 9.654455e-04 -5.514613e-01 1.098935e+02 -7.663663e-01 3.114271e-01 -5.517929e-01 -2.262539e-03 8.339781e-01 -2.053414e-03 9.999970e-01 1.354319e-03 -8.339786e-01 -9.651983e-04 -5.517959e-01 1.069858e+02 7.621353e-01 3.123622e-01 -8.308777e-01 -4.847875e-04 -5.564548e-01 -3.392426e-03 9.999854e-01 4.194250e-03 5.564447e-01 5.372641e-03 -8.308673e-01 1.069858e+02 -7.618589e-01 3.123620e-01 -8.311566e-01 4.820826e-04 -5.560382e-01 3.387938e-03 9.999855e-01 -4.197251e-03 5.560280e-01 -5.372396e-03 -8.311462e-01 1.098930e+02 1.421295e-04 3.305711e-01 9.999974e-01 -1.352627e-06 2.264724e-03 1.352895e-06 1.000000e+00 -1.169004e-07 -2.264724e-03 1.199640e-07 9.999974e-01
3.350000e+00 1.115608e+02 7.666528e-01 3.114273e-01 5.063625e-01 2.259851e-03 8.623178e-01 -3.118448e-04 9.999970e-01 -2.437544e-03 -8.623207e-01 9.653717e-04 5.063617e-01 1.115608e+02 -7.663641e-01 3.114272e-01 5.060166e-01 -2.262557e-03 8.625208e-01 3.124249e-04 9.999970e-01 2.439892e-03 -8.625237e-01 -9.651528e-04 5.060157e-01 1.086530e+02 7.621376e-01 3.123622e-01 -8.676185e-01 -4.847859e-04 4.972302e-01 2.250838e-03 9.999854e-01 4.902454e-03 -4.972253e-01 5.372644e-03 -8.676048e-01 1.086530e+02 -7.618567e-01 3.123620e-01 -8.673691e-01 4.820829e-04 4.976651e-01 -2.255533e-03 9.999855e-01 -4.899791e-03 -4.976603e-01 -5.372427e-03 -8.673554e-01 1.115603e+02 1.443743e-04 3.305713e-01 9.999974e-01 -1.351710e-06 2.264622e-03 1.351948e-06 1.000000e+00 -1.032019e-07 -2.264622e-03 1.062633e-07 9.999974e-01
3.400000e+00 1.132281e+02 7.666551e-01 3.114274e-01 9.971681e-01 2.259871e-03 -7.517117e-02 -2.326039e-03 9.999970e-01 -7.926917e-04 7.516915e-02 9.652980e-04 9.971703e-01 1.132281e+02 -7.663618e-01 3.114272e-01 9.971982e-01 -2.262575e-03 -7.477118e-02 2.328403e-03 9.999970e-01 7.932324e-04 7.476915e-02 -9.651073e-04 9.972004e-01 1.103203e+02 7.621398e-01 3.123621e-01 6.008735e-02 -4.847844e-04 9.981930e-01 5.392070e-03 9.999854e-01 1.610732e-04 -9.981786e-01 5.372648e-03 6.008909e-02 1.103203e+02 -7.618545e-01 3.123620e-01 6.058786e-02 4.820831e-04 9.981628e-01 -5.391798e-03 9.999855e-01 -1.556846e-04 -9.981483e-01 -5.372459e-03 6.058958e-02 1.132276e+02 1.466191e-04 3.305715e-01 9.999974e-01 -1.350794e-06 2.264520e-03 1.351000e-06 1.000000e+00 -8.950348e-08 -2.264520e-03 9.256262e-08 9.999974e-01
3.450000e+00 1.148954e+02 7.666573e-01 3.114274e-01 3.713635e-01 2.259891e-03 -9.284848e-01 -1.735444e-03 9.999970e-01 1.739829e-03 9.284860e-01 9.652242e-04 3.713663e-01 1.148954e+02 -7.663596e-01 3.114273e-01 3.717359e-01 -2.262593e-03 -9.283358e-01 1.736995e-03 9.999970e-01 -1.741700e-03 9.283369e-01 -9.650618e-04 3.717387e-01 1.119876e+02 7.621421e-01 3.123621e-01 9.210000e-01 -4.847829e-04 3.895623e-01 2.539461e-03 9.999854e-01 -4.759363e-03 -3.895543e-01 5.372651e-03 9.209878e-01 1.119876e+02 -7.618522e-01 3.123620e-01 9.211952e-01 4.820834e-04 3.891004e-01 -2.534525e-03 9.999855e-01 4.761537e-03 -3.890924e-01 -5.372490e-03 9.211830e-01 1.148949e+02 1.488639e-04 3.305717e-01 9.999974e-01 -1.349878e-06 2.264419e-03 1.350053e-06 1.000000e+00 -7.580505e-08 -2.264419e-03 7.886194e-08 9.999974e-01
3.500000e+00 1.165626e+02 7.666596e-01 3.114274e-01 -6.702870e-01 2.259912e-03 -7.420985e-01 7.985523e-04 9.999970e-01 2.324012e-03 7.421015e-01 9.651505e-04 -6.702868e-01 1.165627e+02 -7.663573e-01 3.114273e-01 -6.699893e-01 -2.262611e-03 -7.423673e-01 -7.995280e-04 9.999970e-01 -2.326246e-03 7.423703e-01 -9.650163e-04 -6.699891e-01 1.136549e+02 7.621443e-01 3.123620e-01 7.581270e-01 -4.847813e-04 -6.521068e-01 -3.136025e-03 9.999854e-01 -4.389280e-03 6.520994e-01 5.372655e-03 7.581144e-01 1.136549e+02 -7.618500e-01 3.123619e-01 7.577999e-01 4.820836e-04 -6.524868e-01 3.140183e-03 9.999855e-01 4.385846e-03 6.524795e-01 -5.372522e-03 7.577874e-01 1.165622e+02 1.511087e-04 3.305719e-01 9.999974e-01 -1.348961e-06 2.264317e-03 1.349105e-06 1.000000e+00 -6.210661e-08 -2.264317e-03 6.516126e-08 9.999974e-01
3.550000e+00 1.182299e+02 7.666618e-01 3.114274e-01 -9.613626e-01 2.259932e-03 2.752759e-01 2.438282e-03 9.999970e-01 3.056874e-04 -2.752744e-01 9.650767e-04 -9.613652e-01 1.182299e+02 -7.663551e-01 3.114274e-01 -9.614730e-01 -2.262629e-03 2.748902e-01 -2.440723e-03 9.999970e-01 -3.058222e-04 -2.748887e-01 -9.649708e-04 -9.614756e-01 1.153222e+02 7.621466e-01 3.123620e-01 -2.474817e-01 -4.847798e-04 -9.688924e-01 -5.325501e-03 9.999854e-01 8.599421e-04 9.688779e-01 5.372658e-03 -2.474807e-01 1.153222e+02 -7.618477e-01 3.123619e-01 -2.479675e-01 4.820839e-04 -9.687682e-01 5.324299e-03 9.999855e-01 -8.651979e-04 9.687537e-01 -5.372553e-03 -2.479664e-01 1.182295e+02 1.533535e-04 3.305721e-01 9.999974e-01 -1.348045e-06 2.264216e-03 1.348158e-06 1.000000e+00 -4.840818e-08 -2.264216e-03 5.146057e-08 9.999974e-01
3.600000e+00 1.198972e+02 7.666640e-01 3.114275e-01 -1.759223e-01 2.259952e-03 9.844015e-01 1.347532e-03 9.999970e-01 -2.054938e-03 -9.844031e-01 9.650030e-04 -1.759248e-01 1.198972e+02 -7.663528e-01 3.114274e-01 -1.763171e-01 -2.262647e-03 9.843308e-01 -1.348755e-03 9.999970e-01 2.057064e-03 -9.843325e-01 -9.649253e-04 -1.763196e-01 1.169895e+02 7.621488e-01 3.123620e-01 -9.779892e-01 -4.847782e-04 -2.086551e-01 -1.595135e-03 9.999854e-01 5.153256e-03 2.086496e-01 5.372662e-03 -9.779757e-01 1.169895e+02 -7.618455e-01 3.123619e-01 -9.780937e-01 4.820841e-04 -2.081647e-01 1.589899e-03 9.999855e-01 -5.154541e-03 2.081592e-01 -5.372584e-03 -9.780802e-01 1.198967e+02 1.555983e-04 3.305723e-01 9.999974e-01 -1.347129e-06 2.264114e-03 1.347211e-06 1.000000e+00 -3.470974e-08 -2.264114e-03 3.775989e-08 9.999974e-01
3.650000e+00 1.215645e+02 7.666663e-01 3.114275e-01 8.065126e-01 2.259972e-03 5.912126e-01 -1.252218e-03 9.999970e-01 -2.114358e-03 -5.912156e-01 9.649293e-04 8.065130e-01 1.215645e+02 -7.663506e-01 3.114275e-01 8.062753e-01 -2.262665e-03 5.915361e-01 1.253571e-03 9.999970e-01 2.116414e-03 -5.915391e-01 -9.648798e-04 8.062757e-01 1.186568e+02 7.621511e-01 3.123619e-01 -6.213617e-01 -4.847767e-04 7.835237e-01 3.908394e-03 9.999854e-01 3.718198e-03 -7.835141e-01 5.372665e-03 -6.213507e-01 1.186568e+02 -7.618432e-01 3.123619e-01 -6.209687e-01 4.820844e-04 7.838352e-01 -3.911891e-03 9.999855e-01 -3.714097e-03 -7.838256e-01 -5.372616e-03 -6.209578e-01 1.215640e+02 1.578431e-04 3.305725e-01 9.999974e-01 -1.346212e-06 2.264013e-03 1.346263e-06 1.000000e+00 -2.101130e-08 -2.264013e-03 2.405921e-08 9.999974e-01
3.700000e+00 1.232318e+02 7.666685e-01 3.114275e-01 8.858297e-01 2.259992e-03 -4.640051e-01 -2.449673e-03 9.999970e-01 1.939481e-04 4.640041e-01 9.648555e-04 8.858325e-01 1.232318e+02 -7.663484e-01 3.114275e-01 8.860157e-01 -2.262683e-03 -4.636497e-01 2.452124e-03 9.999970e-01 -1.942318e-04 4.636487e-01 -9.648343e-04 8.860186e-01 1.203241e+02 7.621533e-01 3.123619e-01 4.259728e-01 -4.847751e-04 9.047358e-01 5.067345e-03 9.999854e-01 -1.850024e-03 -9.047218e-01 5.372669e-03 4.259691e-01 1.203241e+02 -7.618410e-01 3.123618e-01 4.264264e-01 4.820846e-04 9.045221e-01 -5.065250e-03 9.999855e-01 1.854989e-03 -9.045081e-01 -5.372647e-03 4.264227e-01 1.232313e+02 1.600879e-04 3.305727e-01 9.999974e-01 -1.345296e-06 2.263911e-03 1.345316e-06 1.000000e+00 -7.312868e-09 -2.263911e-03 1.035852e-08 9.999974e-01
3.750000e+00 1.248991e+02 7.666708e-01 3.114275e-01 -2.689023e-02 2.260011e-03 -9.996358e-01 -9.036717e-04 9.999970e-01 2.285136e-03 9.996380e-01 9.647905e-04 -2.688811e-02 1.248991e+02 -7.663461e-01 3.114275e-01 -2.648923e-02 -2.262701e-03 -9.996465e-01 9.045128e-04 9.999970e-01 -2.287462e-03 9.996487e-01 -9.647862e-04 -2.648711e-02 1.219913e+02 7.621556e-01 3.123618e-01 9.997970e-01 -4.847740e-04 2.014385e-02 5.928951e-04 9.999854e-01 -5.361822e-03 -2.014096e-02 5.372677e-03 9.997827e-01 1.219913e+02 -7.618387e-01 3.123618e-01 9.998070e-01 4.820845e-04 1.964253e-02 -5.875174e-04 9.999855e-01 5.362167e-03 -1.963966e-02 -5.372672e-03 9.997927e-01 1.248986e+02 1.623332e-04 3.305728e-01 9.999974e-01 -1.344803e-06 2.263815e-03 1.344804e-06 1.000000e+00 9.397475e-10 -2.263815e-03 2.104642e-09 9.999974e-01
3.800000e+00 1.265663e+02 7.666730e-01 3.114276e-01 -9.095534e-01 2.260028e-03 -4.155810e-01 1.654691e-03 9.999970e-01 1.816711e-03 4.155838e-01 9.647377e-04 -9.095544e-01 1.265663e+02 -7.663439e-01 3.114276e-01 -9.093866e-01 -2.262717e-03 -4.159458e-01 -1.656410e-03 9.999970e-01 -1.818491e-03 4.159486e-01 -9.647345e-04 -9.093876e-01 1.236585e+02 7.621578e-01 3.123618e-01 4.619476e-01 -4.847735e-04 -8.869071e-01 -4.541143e-03 9.999854e-01 -2.911845e-03 8.868956e-01 5.372692e-03 4.619386e-01 1.236585e+02 -7.618365e-01 3.123618e-01 4.615028e-01 4.820838e-04 -8.871386e-01 4.543841e-03 9.999855e-01 2.907180e-03 8.871271e-01 -5.372689e-03 4.614939e-01 1.265658e+02 1.645790e-04 3.305730e-01 9.999974e-01 -1.344905e-06 2.263725e-03 1.344905e-06 1.000000e+00 1.530387e-09 -2.263725e-03 1.514113e-09 9.999974e-01
3.850000e+00 1.282335e+02 7.666753e-01 3.114276e-01 -7.733166e-01 2.260044e-03 6.340160e-01 2.359362e-03 9.999970e-01 -6.868966e-04 -6.340157e-01 9.646850e-04 -7.733196e-01 1.282335e+02 -7.663416e-01 3.114276e-01 -7.735708e-01 -2.262734e-03 6.337058e-01 -2.361717e-03 9.999970e-01 6.876567e-04 -6.337054e-01 -9.646827e-04 -7.735738e-01 1.253258e+02 7.621601e-01 3.123618e-01 -5.895985e-01 -4.847731e-04 -8.076964e-01 -4.625334e-03 9.999854e-01 2.776197e-03 8.076833e-01 5.372707e-03 -5.895921e-01 1.253258e+02 -7.618343e-01 3.123618e-01 -5.900034e-01 4.820831e-04 -8.074006e-01 4.622353e-03 9.999855e-01 -2.780686e-03 8.073875e-01 -5.372705e-03 -5.899971e-01 1.282330e+02 1.668249e-04 3.305732e-01 9.999974e-01 -1.345008e-06 2.263636e-03 1.345006e-06 1.000000e+00 2.121026e-09 -2.263636e-03 9.235838e-10 9.999974e-01
3.900000e+00 1.299007e+02 7.666775e-01 3.114276e-01 2.292050e-01 2.260061e-03 9.733756e-01 4.209360e-04 9.999970e-01 -2.420992e-03 -9.733781e-01 9.646322e-04 2.292033e-01 1.299007e+02 -7.663394e-01 3.114276e-01 2.288145e-01 -2.262751e-03 9.734674e-01 -4.212902e-04 9.999970e-01 2.423442e-03 -9.734699e-01 -9.646310e-04 2.288129e-01 1.269930e+02 7.621623e-01 3.123617e-01 -9.854970e-01 -4.847726e-04 1.696919e-01 4.339724e-04 9.999854e-01 5.377064e-03 -1.696920e-01 5.372722e-03 -9.854825e-01 1.269930e+02 -7.618320e-01 3.123617e-01 -9.854118e-01 4.820824e-04 1.701860e-01 -4.393194e-04 9.999855e-01 -5.376387e-03 -1.701861e-01 -5.372721e-03 -9.853973e-01 1.299002e+02 1.690708e-04 3.305734e-01 9.999974e-01 -1.345110e-06 2.263547e-03 1.345107e-06 1.000000e+00 2.711666e-09 -2.263547e-03 3.330545e-10 9.999974e-01
3.950000e+00 1.315679e+02 7.666798e-01 3.114277e-01 9.749665e-01 2.260077e-03 2.223402e-01 -1.989039e-03 9.999970e-01 -1.442945e-03 -2.223428e-01 9.645795e-04 9.749681e-01 1.315679e+02 -7.663371e-01 3.114277e-01 9.748773e-01 -2.262768e-03 2.227313e-01 1.991083e-03 9.999970e-01 1.444341e-03 -2.227339e-01 -9.645792e-04 9.748788e-01 1.286602e+02 7.621646e-01 3.123617e-01 -2.854996e-01 -4.847721e-04 9.583787e-01 5.010718e-03 9.999854e-01 1.998503e-03 -9.583657e-01 5.372737e-03 -2.854930e-01 1.286602e+02 -7.618298e-01 3.123617e-01 -2.850189e-01 4.820817e-04 9.585218e-01 -5.012486e-03 9.999855e-01 -1.993411e-03 -9.585088e-01 -5.372737e-03 -2.850124e-01 1.315674e+02 1.713166e-04 3.305735e-01 9.999974e-01 -1.345212e-06 2.263457e-03 1.345208e-06 1.000000e+00 3.302305e-09 -2.263457e-03 -2.574748e-10 9.999974e-01
4.000000e+00 1.332351e+02 7.666820e-01 3.114277e-01 6.285510e-01 2.260094e-03 -7.777651e-01 -2.170766e-03 9.999970e-01 1.151569e-03 7.777653e-01 9.645267e-04 6.285540e-01 1.332351e+02 -7.663349e-01 3.114277e-01 6.288629e-01 -2.262785e-03 -7.775129e-01 2.172921e-03 9.999970e-01 -1.152790e-03 7.775132e-01 -9.645275e-04 6.288659e-01 1.303274e+02 7.621668e-01 3.123617e-01 7.319802e-01 -4.847716e-04 6.813257e-01 4.015433e-03 9.999854e-01 -3.602467e-03 -6.813141e-01 5.372752e-03 7.319715e-01 1.303274e+02 -7.618275e-01 3.123617e-01 7.323218e-01 4.820810e-04 6.809586e-01 -4.011657e-03 9.999855e-01 3.606313e-03 -6.809469e-01 -5.372754e-03 7.323131e-01 1.332346e+02 1.735625e-04 3.305737e-01 9.999974e-01 -1.345315e-06 2.263368e-03 1.345310e-06 1.000000e+00 3.892944e-09 -2.263368e-03 -8.480040e-10 9.999974e-01
4.050000e+00 1.349023e+02 7.666843e-01 3.114277e-01 -4.219799e-01 2.260111e-03 -9.066023e-01 7.932454e-05 9.999970e-01 2.456017e-03 9.066052e-01 9.644740e-04 -4.219789e-01 1.349023e+02 -7.663327e-01 3.114277e-01 -4.216163e-01 -2.262802e-03 -9.067715e-01 -7.947253e-05 9.999970e-01 -2.458489e-03 9.067743e-01 -9.644757e-04 -4.216152e-01 1.319946e+02 7.621691e-01 3.123616e-01 9.354806e-01 -4.847711e-04 -3.533776e-01 -1.445129e-03 9.999854e-01 -5.197426e-03 3.533750e-01 5.372767e-03 9.354663e-01 1.319946e+02 -7.618253e-01 3.123616e-01 9.353033e-01 4.820803e-04 -3.538467e-01 1.450252e-03 9.999855e-01 5.195751e-03 3.538440e-01 -5.372770e-03 9.352890e-01 1.349018e+02 1.758084e-04 3.305739e-01 9.999974e-01 -1.345417e-06 2.263278e-03 1.345411e-06 1.000000e+00 4.483584e-09 -2.263278e-03 -1.438533e-09 9.999974e-01
4.100000e+00 1.365695e+02 7.666865e-01 3.114278e-01 -9.998005e-01 2.260127e-03 -1.984547e-02 2.240542e-03 9.999970e-01 1.009087e-03 1.984770e-02 9.644212e-04 -9.998025e-01 1.365695e+02 -7.663304e-01 3.114278e-01 -9.997925e-01 -2.262819e-03 -2.024646e-02 -2.242828e-03 9.999970e-01 -1.010043e-03 2.024869e-02 -9.644240e-04 -9.997945e-01 1.336618e+02 7.621713e-01 3.123616e-01 9.870444e-02 -4.847706e-04 -9.951167e-01 -5.298698e-03 9.999854e-01 -1.012714e-03 9.951027e-01 5.372783e-03 9.870044e-02 1.336618e+02 -7.618230e-01 3.123616e-01 9.820541e-02 4.820796e-04 -9.951660e-01 5.299473e-03 9.999855e-01 1.007379e-03 9.951521e-01 -5.372786e-03 9.820142e-02 1.365691e+02 1.780542e-04 3.305741e-01 9.999974e-01 -1.345520e-06 2.263189e-03 1.345512e-06 1.000000e+00 5.074223e-09 -2.263189e-03 -2.029063e-09 9.999974e-01
4.150000e+00 1.382367e+02 7.666888e-01 3.114278e-01 -4.576245e-01 2.260144e-03 8.891427e-01 1.891765e-03 9.999970e-01 -1.568274e-03 -8.891436e-01 9.643685e-04 -4.576274e-01 1.382368e+02 -7.663282e-01 3.114278e-01 -4.579810e-01 -2.262836e-03 8.889591e-01 -1.893630e-03 9.999970e-01 1.569906e-03 -8.889599e-01 -9.643723e-04 -4.579839e-01 1.353290e+02 7.621736e-01 3.123616e-01 -8.478334e-01 -4.847701e-04 -5.302624e-01 -3.259992e-03 9.999854e-01 4.298187e-03 5.302526e-01 5.372798e-03 -8.478227e-01 1.353290e+02 -7.618208e-01 3.123616e-01 -8.480992e-01 4.820789e-04 -5.298372e-01 3.255556e-03 9.999855e-01 -4.301251e-03 5.298274e-01 -5.372802e-03 -8.480885e-01 1.382363e+02 1.803001e-04 3.305742e-01 9.999974e-01 -1.345622e-06 2.263100e-03 1.345613e-06 1.000000e+00 5.664862e-09 -2.263100e-03 -2.619592e-09 9.999974e-01
4.200000e+00 1.399040e+02 7.666910e-01 3.114278e-01 5.971917e-01 2.260161e-03 8.020954e-01 -5.762747e-04 9.999970e-01 -2.388752e-03 -8.020984e-01 9.643157e-04 5.971912e-01 1.399040e+02 -7.663259e-01 3.114278e-01 5.968699e-01 -2.262853e-03 8.023348e-01 5.769196e-04 9.999970e-01 2.391146e-03 -8.023378e-01 -9.643205e-04 5.968694e-01 1.369962e+02 7.621758e-01 3.123615e-01 -8.515604e-01 -4.847696e-04 5.242562e-01 2.403926e-03 9.999854e-01 4.829416e-03 -5.242509e-01 5.372813e-03 -8.515469e-01 1.369962e+02 -7.618185e-01 3.123615e-01 -8.512974e-01 4.820783e-04 5.246832e-01 -2.408642e-03 9.999855e-01 -4.826803e-03 -5.246779e-01 -5.372819e-03 -8.512839e-01 1.399035e+02 1.825460e-04 3.305744e-01 9.999974e-01 -1.345725e-06 2.263010e-03 1.345714e-06 1.000000e+00 6.255501e-09 -2.263010e-03 -3.210121e-09 9.999974e-01
4.250000e+00 1.415712e+02 7.666933e-01 3.114278e-01 9.830217e-01 2.260177e-03 -1.834753e-01 -2.398727e-03 9.999970e-01 -5.332088e-04 1.834735e-01 9.642630e-04 9.830242e-01 1.415712e+02 -7.663237e-01 3.114278e-01 9.830952e-01 -2.262869e-03 -1.830810e-01 2.401161e-03 9.999970e-01 5.336835e-04 1.830793e-01 -9.642688e-04 9.830977e-01 1.386634e+02 7.621781e-01 3.123615e-01 9.166793e-02 -4.847691e-04 9.957895e-01 5.394644e-03 9.999854e-01 -9.794972e-06 -9.957750e-01 5.372828e-03 9.166921e-02 1.386634e+02 -7.618163e-01 3.123615e-01 9.216730e-02 4.820776e-04 9.957434e-01 -5.394397e-03 9.999855e-01 1.518112e-05 -9.957289e-01 -5.372835e-03 9.216856e-02 1.415707e+02 1.847918e-04 3.305746e-01 9.999974e-01 -1.345827e-06 2.262921e-03 1.345815e-06 1.000000e+00 6.846141e-09 -2.262921e-03 -3.800650e-09 9.999974e-01
4.300000e+00 1.432384e+02 7.666955e-01 3.114279e-01 2.676509e-01 2.260194e-03 -9.635133e-01 -1.533978e-03 9.999970e-01 1.919659e-03 9.635147e-01 9.642097e-04 2.676535e-01 1.432384e+02 -7.663214e-01 3.114279e-01 2.680372e-01 -2.262886e-03 -9.634059e-01 1.535476e-03 9.999970e-01 -1.921635e-03 9.634073e-01 -9.642165e-04 2.680399e-01 1.403306e+02 7.621803e-01 3.123615e-01 9.329594e-01 -4.847686e-04 3.599812e-01 2.386386e-03 9.999854e-01 -4.838141e-03 -3.599736e-01 5.372843e-03 9.329470e-01 1.403306e+02 -7.618141e-01 3.123615e-01 9.331398e-01 4.820768e-04 3.595133e-01 -2.381451e-03 9.999854e-01 4.840313e-03 -3.595057e-01 -5.372852e-03 9.331274e-01 1.432379e+02 1.870377e-04 3.305747e-01 9.999974e-01 -1.345929e-06 2.262832e-03 1.345916e-06 1.000000e+00 7.436766e-09 -2.262832e-03 -4.391165e-09 9.999974e-01
4.350000e+00 1.449049e+02 7.666996e-01 3.109535e-01 -7.876788e-01 2.277137e-03 -6.160819e-01 1.232040e-03 9.999970e-01 2.120949e-03 6.160849e-01 9.115892e-04 -7.876792e-01 1.449049e+02 -7.663211e-01 3.109535e-01 -7.874317e-01 -2.279829e-03 -6.163977e-01 -1.233306e-03 9.999970e-01 -2.123107e-03 6.164007e-01 -9.115950e-04 -7.874321e-01 1.419971e+02 7.621932e-01 3.129829e-01 7.327374e-01 -4.778827e-04 -6.805114e-01 -3.362610e-03 9.999850e-01 -4.322904e-03 6.805032e-01 5.455847e-03 7.327248e-01 1.419971e+02 -7.618225e-01 3.129829e-01 7.323959e-01 4.751906e-04 -6.808789e-01 3.366754e-03 9.999850e-01 4.319388e-03 6.808707e-01 -5.455854e-03 7.323833e-01 1.449044e+02 1.892828e-04 3.302424e-01 9.999969e-01 -1.346097e-06 2.489830e-03 1.346083e-06 1.000000e+00 7.147755e-09 -2.489830e-03 -3.796215e-09 9.999969e-01
4.400000e+00 1.465665e+02 7.666938e-01 3.095431e-01 -8.254310e-01 2.209924e-03 5.644987e-01 2.458218e-03 9.999969e-01 -3.203327e-04 -5.644977e-01 1.123249e-03 -8.254339e-01 1.465665e+02 -7.663108e-01 3.095431e-01 -8.256573e-01 -2.212617e-03 5.641676e-01 -2.460572e-03 9.999969e-01 3.208634e-04 -5.641666e-01 -1.123252e-03 -8.256602e-01 1.436588e+02 7.622003e-01 3.149511e-01 -3.133182e-01 -4.680602e-04 -9.496481e-01 -5.364354e-03 9.999848e-01 1.276996e-03 9.496331e-01 5.494354e-03 -3.133159e-01 1.436588e+02 -7.618250e-01 3.149511e-01 -3.137944e-01 4.653679e-04 -9.494908e-01 5.362871e-03 9.999848e-01 -1.282243e-03 9.494758e-01 -5.494358e-03 -3.137921e-01 1.465661e+02 1.915212e-04 3.282497e-01 9.999928e-01 -1.346222e-06 3.806112e-03 1.346204e-06 1.000000e+00 7.254169e-09 -3.806112e-03 -2.130315e-09 9.999928e-01
4.450000e+00 1.482178e+02 7.666314e-01 3.080800e-01 4.438760e-01 1.830992e-03 8.960863e-01 1.297738e-03 9.999956e-01 -2.686146e-03 -8.960873e-01 2.355201e-03 4.438717e-01 1.482178e+02 -7.662440e-01 3.080800e-01 4.435167e-01 -1.833688e-03 8.962642e-01 -1.297621e-03 9.999955e-01 2.688043e-03 -8.962652e-01 -2.355203e-03 4.435123e-01 1.453102e+02 7.621793e-01 3.179549e-01 -9.992004e-01 -4.651910e-04 -3.998054e-02 -6.773749e-04 9.999858e-01 5.293795e-03 3.997751e-02 5.316644e-03 -9.991864e-01 1.453102e+02 -7.617997e-01 3.179549e-01 -9.992203e-01 4.624954e-04 -3.947798e-02 6.720187e-04 9.999858e-01 -5.294242e-03 3.947497e-02 -5.316644e-03 -9.992064e-01 1.482175e+02 1.937473e-04 3.234948e-01 9.999776e-01 -1.347930e-06 6.693209e-03 1.347890e-06 1.000000e+00 1.044452e-08 -6.693209e-03 -1.422576e-09 9.999776e-01
4.500000e+00 1.498527e+02 7.664386e-01 3.056160e-01 7.455802e-01 1.177270e-03 -6.664149e-01 -3.977036e-03 9.999885e-01 -2.682927e-03 6.664041e-01 4.650693e-03 7.455763e-01 1.498527e+02 -7.660468e-01 3.056160e-01 7.458618e-01 -1.179916e-03 -6.660997e-01 3.977885e-03 9.999885e-01 2.682857e-03 6.660889e-01 -4.650708e-03 7.458579e-01 1.469454e+02 7.621259e-01 3.213727e-01 -2.772813e-01 -4.714873e-04 9.607887e-01 4.600662e-03 9.999878e-01 1.818463e-03 -9.607778e-01 4.924489e-03 -2.772757e-01 1.469454e+02 -7.617418e-01 3.213727e-01 -2.768032e-01 4.688394e-04 9.609265e-01 -4.602303e-03 9.999878e-01 -1.813631e-03 -9.609156e-01 -4.924494e-03 -2.767976e-01 1.498525e+02 1.959151e-04 3.151922e-01 9.999372e-01 -1.323961e-06 1.120983e-02 1.323848e-06 1.000000e+00 1.749106e-08 -1.120983e-02 -2.649840e-09 9.999372e-01
4.550000e+00 1.514708e+02 7.645493e-01 3.031735e-01 1.383361e-01 1.390838e-03 9.903844e-01 7.761277e-03 9.999668e-01 -2.488384e-03 -9.903549e-01 8.030880e-03 1.383207e-01 1.514692e+02 -7.670700e-01 3.034271e-01 -8.673837e-01 7.584830e-04 4.976394e-01 -3.324275e-03 9.999677e-01 -7.318313e-03 -4.976289e-01 -8.002075e-03 -8.673531e-01 1.485639e+02 7.636229e-01 3.229628e-01 9.210030e-01 5.590286e-04 3.895550e-01 1.225148e-03 9.999899e-01 -4.331579e-03 -3.895535e-01 4.466660e-03 9.209930e-01 1.485623e+02 -7.600634e-01 3.228615e-01 9.220915e-01 1.543159e-03 3.869689e-01 -3.075956e-03 9.999897e-01 3.341792e-03 -3.869598e-01 -4.271737e-03 9.220867e-01 1.514700e+02 -1.274291e-03 3.049027e-01 9.998718e-01 1.051764e-03 1.597499e-02 -1.049943e-03 9.999994e-01 -1.223931e-04 -1.597511e-02 1.056046e-04 9.998724e-01
4.600000e+00 1.530768e+02 7.581802e-01 3.048053e-01 1.108006e-01 3.861655e-03 9.938352e-01 1.139789e-02 9.999217e-01 -5.156032e-03 -9.937773e-01 1.189891e-02 1.107479e-01 1.530697e+02 -7.721245e-01 3.018964e-01 -5.540349e-02 4.973742e-03 -9.984517e-01 1.188475e-02 9.999200e-01 4.321578e-03 9.983933e-01 -1.162692e-02 -5.545817e-02 1.501701e+02 7.685314e-01 3.198509e-01 4.683398e-01 4.143077e-03 -8.835387e-01 -4.793196e-03 9.999862e-01 2.148379e-03 8.835354e-01 3.228802e-03 4.683532e-01 1.501630e+02 -7.550299e-01 3.209618e-01 4.528951e-01 5.157075e-03 -8.915489e-01 2.041496e-03 9.999747e-01 6.821306e-03 8.915615e-01 -4.909430e-03 4.528731e-01 1.530733e+02 -6.784959e-03 2.967686e-01 9.998218e-01 4.647720e-03 1.829633e-02 -4.662843e-03 9.999888e-01 7.839789e-04 -1.829249e-02 -8.691521e-04 9.998323e-01
4.650000e+00 1.546713e+02 7.475411e-01 3.021366e-01 1.111149e-01 9.928523e-03 9.937580e-01 9.619726e-03 9.998925e-01 -1.106542e-02 -9.937610e-01 1.078921e-02 1.110074e-01 1.546545e+02 -7.822634e-01 3.017040e-01 6.875163e-01 1.153561e-02 -7.260773e-01 2.875854e-03 9.998227e-01 1.860789e-02 7.261633e-01 -1.488132e-02 6.873612e-01 1.517644e+02 7.770056e-01 3.169663e-01 -9.962666e-01 1.063306e-02 -8.567283e-02 1.043202e-02 9.999417e-01 2.793862e-03 8.569754e-02 1.889690e-03 -9.963194e-01 1.517479e+02 -7.467500e-01 3.190671e-01 -8.607138e-01 1.151748e-02 -5.089588e-01 1.391474e-02 9.999028e-01 -9.042916e-04 5.088989e-01 -7.860364e-03 -8.607904e-01 1.546630e+02 -1.711510e-02 2.931143e-01 9.997814e-01 1.103957e-02 1.775432e-02 -1.109841e-02 9.999332e-01 3.218825e-03 -1.771760e-02 -3.415166e-03 9.998372e-01
4.700000e+00 1.562552e+02 7.320100e-01 3.025125e-01 1.138576e-01 1.899260e-02 9.933155e-01 6.279041e-03 9.997835e-01 -1.983600e-02 -9.934772e-01 8.495547e-03 1.137137e-01 1.562242e+02 -7.974946e-01 3.044305e-01 7.073538e-01 2.073997e-02 -7.065553e-01 -2.285910e-03 9.996314e-01 2.705433e-02 7.068560e-01 -1.752186e-02 7.071405e-01 1.533481e+02 7.887989e-01 3.150453e-01 9.719849e-01 2.005081e-02 2.341864e-01 -1.926991e-02 9.997985e-01 -5.622479e-03 -2.342520e-01 9.522138e-04 9.721755e-01 1.533177e+02 -7.351058e-01 3.185041e-01 -5.264246e-01 2.070316e-02 8.499697e-01 7.096653e-04 9.997138e-01 -2.391102e-02 -8.502215e-01 -1.198416e-02 -5.262886e-01 1.562398e+02 -3.241112e-02 2.943366e-01 9.996802e-01 2.030271e-02 1.507417e-02 -2.039705e-02 9.997732e-01 6.131383e-03 -1.494627e-02 -6.436891e-03 9.998676e-01
4.750000e+00 1.578278e+02 7.123808e-01 3.040576e-01 1.176320e-01 3.051507e-02 9.925883e-01 1.837592e-03 9.995194e-01 -3.094592e-02 -9.930556e-01 5.464204e-03 1.175194e-01 1.577793e+02 -8.171199e-01 3.071827e-01 7.045574e-01 3.180641e-02 -7.089339e-01 -9.482355e-03 9.993278e-01 3.541115e-02 7.095837e-01 -1.822683e-02 7.043854e-01 1.549210e+02 8.023658e-01 3.132712e-01 -8.155594e-01 3.161865e-02 5.778090e-01 2.611568e-02 9.994999e-01 -1.783280e-02 -5.780838e-01 5.461624e-04 -8.159772e-01 1.548733e+02 -7.212594e-01 3.175274e-01 8.614480e-01 3.208267e-02 5.068313e-01 -3.549035e-02 9.993657e-01 -2.938323e-03 -5.066041e-01 -1.545640e-02 8.620403e-01 1.578037e+02 -5.195589e-02 2.989550e-01 9.994311e-01 3.174444e-02 1.139409e-02 -3.184208e-02 9.994568e-01 8.492672e-03 -1.111830e-02 -8.850652e-03 9.998990e-01
4.800000e+00 1.593884e+02 6.890119e-01 3.055771e-01 1.208928e-01 4.355676e-02 9.917095e-01 -2.794286e-03 9.990478e-01 -4.353843e-02 -9.926616e-01 2.492364e-03 1.208994e-01 1.593204e+02 -8.403592e-01 3.087737e-01 7.019688e-01 4.407272e-02 -7.108427e-01 -1.829957e-02 9.988701e-01 4.385948e-02 7.119726e-01 -1.777987e-02 7.019822e-01 1.564828e+02 8.159791e-01 3.121103e-01 -7.598141e-01 4.450134e-02 -6.486156e-01 3.377237e-02 9.990093e-01 2.897947e-02 6.492627e-01 1.137234e-04 -7.605642e-01 1.564156e+02 -7.069300e-01 3.171072e-01 4.475472e-01 4.486654e-02 -8.931341e-01 -4.068318e-03 9.988324e-01 4.813767e-02 8.942510e-01 -1.791033e-02 4.472072e-01 1.593545e+02 -7.518380e-02 3.042469e-01 9.989717e-01 4.455862e-02 8.371261e-03 -4.464376e-02 9.989501e-01 1.027552e-02 -7.904609e-03 -1.063868e-02 9.999122e-01
4.850000e+00 1.609367e+02 6.619825e-01 3.058771e-01 1.224377e-01 5.740829e-02 9.908145e-01 -7.463546e-03 9.983507e-01 -5.692265e-02 -9.924481e-01 -4.255101e-04 1.226642e-01 1.608479e+02 -8.668209e-01 3.095216e-01 7.004173e-01 5.714866e-02 -7.114420e-01 -2.752480e-02 9.982105e-01 5.308592e-02 7.132027e-01 -1.759999e-02 7.007369e-01 1.580329e+02 8.282640e-01 3.117158e-01 -4.579550e-01 5.811812e-02 -8.870735e-01 2.771742e-02 9.983090e-01 5.109668e-02 8.885431e-01 -1.187409e-03 -4.587915e-01 1.579450e+02 -6.935750e-01 3.181761e-01 -9.387636e-01 5.846965e-02 -3.395647e-01 6.170068e-02 9.980939e-01 1.283544e-03 3.389925e-01 -1.974643e-02 -9.405818e-01 1.608923e+02 -1.018789e-01 3.082841e-01 9.982825e-01 5.815738e-02 7.057936e-03 -5.823934e-02 9.982303e-01 1.202252e-02 -6.346246e-03 -1.241292e-02 9.999028e-01
4.900000e+00 1.624725e+02 6.316118e-01 3.058999e-01 1.223877e-01 7.170826e-02 9.898885e-01 -1.103580e-02 9.974231e-01 -7.088964e-02 -9.924210e-01 -2.248185e-03 1.228637e-01 1.623621e+02 -8.960922e-01 3.095688e-01 6.998488e-01 7.087705e-02 -7.107659e-01 -3.736769e-02 9.973352e-01 6.265979e-02 7.133129e-01 -1.729270e-02 7.006323e-01 1.595714e+02 8.387908e-01 3.117914e-01 -4.549603e-01 7.218700e-02 -8.875811e-01 3.531972e-02 9.973875e-01 6.301322e-02 8.898110e-01 -2.680605e-03 -4.563214e-01 1.594620e+02 -6.816492e-01 3.202321e-01 -1.540117e-01 7.259178e-02 9.853988e-01 -9.044490e-03 9.971522e-01 -7.487122e-02 -9.880276e-01 -2.044348e-02 -1.529166e-01 1.624173e+02 -1.316733e-01 3.108092e-01 9.973597e-01 7.225874e-02 7.234949e-03 -7.234790e-02 9.972956e-01 1.293076e-02 -6.281023e-03 -1.342005e-02 9.998902e-01
