2.500000e+00 6.241776e+01 7.665188e-01 3.113441e-01 -4.654404e-02 2.216714e-03 9.989138e-01 1.205534e-03 9.999969e-01 -2.162946e-03 -9.989155e-01 1.103553e-03 -4.654656e-02 6.241776e+01 -7.664876e-01 3.113441e-01 -4.664094e-02 -2.217314e-03 9.989093e-01 -1.205740e-03 9.999969e-01 2.163430e-03 -9.989110e-01 -1.103521e-03 -4.664347e-02 5.951005e+01 7.620069e-01 3.124452e-01 -7.256184e-01 -4.850646e-04 6.880972e-01 3.318976e-03 9.999857e-01 4.204882e-03 -6.880894e-01 5.334917e-03 -7.256063e-01 5.951005e+01 -7.619774e-01 3.124452e-01 -7.257230e-01 4.844611e-04 6.879868e-01 -3.318749e-03 9.999857e-01 -4.204945e-03 -6.879790e-01 -5.334881e-03 -7.257110e-01 6.241729e+01 1.563364e-05 3.301113e-01 9.999969e-01 -3.015291e-07 2.497512e-03 3.015808e-07 1.000000e+00 -2.031970e-08 -2.497512e-03 2.107284e-08 9.999969e-01
2.550000e+00 6.366835e+01 7.665192e-01 3.113442e-01 7.043716e-01 2.216734e-03 -7.098280e-01 -2.344687e-03 9.999969e-01 7.962438e-04 7.098276e-01 1.103473e-03 7.043746e-01 6.366835e+01 -7.664872e-01 3.113442e-01 7.044404e-01 -2.217343e-03 -7.097597e-01 2.345177e-03 9.999969e-01 -7.964646e-04 7.097593e-01 -1.103450e-03 7.044434e-01 6.076064e+01 7.620073e-01 3.124451e-01 9.997532e-01 -4.850649e-04 -2.220878e-02 3.664547e-04 9.999857e-01 -5.344445e-03 2.221106e-02 5.334987e-03 9.997391e-01 6.076064e+01 -7.619771e-01 3.124451e-01 9.997566e-01 4.844528e-04 -2.205667e-02 -3.666565e-04 9.999857e-01 5.344350e-03 2.205894e-02 -5.334962e-03 9.997424e-01 6.366788e+01 1.600512e-05 3.301116e-01 9.999969e-01 -3.058636e-07 2.497307e-03 3.059008e-07 1.000000e+00 -1.452250e-08 -2.497307e-03 1.528638e-08 9.999969e-01
2.600000e+00 6.491893e+01 7.665196e-01 3.113442e-01 -9.985234e-01 2.216750e-03 5.427844e-02 2.273373e-03 9.999969e-01 9.814753e-04 -5.427610e-02 1.103421e-03 -9.985254e-01 6.491893e+01 -7.664868e-01 3.113442e-01 -9.985286e-01 -2.217361e-03 5.418165e-02 -2.273886e-03 9.999969e-01 -9.816359e-04 -5.417931e-02 -1.103395e-03 -9.985306e-01 6.201122e+01 7.620077e-01 3.124451e-01 -7.554520e-01 -4.850665e-04 -6.552038e-01 -3.861939e-03 9.999857e-01 3.712510e-03 6.551926e-01 5.334980e-03 -7.554431e-01 6.201122e+01 -7.619767e-01 3.124451e-01 -7.553524e-01 4.844529e-04 -6.553187e-01 3.862022e-03 9.999857e-01 -3.712302e-03 6.553075e-01 -5.334951e-03 -7.553434e-01 6.491846e+01 1.637864e-05 3.301117e-01 9.999969e-01 -3.066687e-07 2.497257e-03 3.067104e-07 1.000000e+00 -1.630507e-08 -2.497257e-03 1.707095e-08 9.999969e-01
2.650000e+00 6.616951e+01 7.665200e-01 3.113442e-01 7.771785e-01 2.216761e-03 6.292763e-01 -1.028481e-03 9.999969e-01 -2.252494e-03 -6.292794e-01 1.103391e-03 7.771784e-01 6.616951e+01 -7.664864e-01 3.113441e-01 7.771174e-01 -2.217370e-03 6.293517e-01 1.028754e-03 9.999969e-01 2.252954e-03 -6.293548e-01 -1.103362e-03 7.771173e-01 6.326179e+01 7.620081e-01 3.124453e-01 1.193177e-01 -4.850653e-04 9.928560e-01 5.354746e-03 9.999857e-01 -1.549648e-04 -9.928417e-01 5.334982e-03 1.193186e-01 6.326180e+01 -7.619763e-01 3.124453e-01 1.191666e-01 4.844537e-04 9.928742e-01 -5.354665e-03 9.999857e-01 1.547535e-04 -9.928598e-01 -5.334950e-03 1.191675e-01 6.616903e+01 1.675335e-05 3.301118e-01 9.999969e-01 -3.056387e-07 2.497295e-03 3.056841e-07 1.000000e+00 -1.780852e-08 -2.497295e-03 1.857185e-08 9.999969e-01
2.700000e+00 6.742007e+01 7.665203e-01 3.113442e-01 -1.546394e-01 2.216773e-03 -9.879685e-01 -7.472856e-04 9.999969e-01 2.360729e-03 9.879707e-01 1.103356e-03 -1.546372e-01 6.742007e+01 -7.664861e-01 3.113442e-01 -1.545436e-01 -2.217378e-03 -9.879835e-01 7.473977e-04 9.999969e-01 -2.361251e-03 9.879857e-01 -1.103333e-03 -1.545414e-01 6.451236e+01 7.620084e-01 3.124453e-01 5.786344e-01 -4.850624e-04 -8.155869e-01 -4.070488e-03 9.999857e-01 -3.482621e-03 8.155769e-01 5.335001e-03 5.786242e-01 6.451236e+01 -7.619760e-01 3.124453e-01 5.787586e-01 4.844541e-04 -8.154988e-01 4.070289e-03 9.999857e-01 3.482730e-03 8.154888e-01 -5.334976e-03 5.787483e-01 6.741960e+01 1.712858e-05 3.301119e-01 9.999969e-01 -3.039633e-07 2.497242e-03 3.040011e-07 1.000000e+00 -1.477591e-08 -2.497242e-03 1.553503e-08 9.999969e-01
2.750000e+00 6.867063e+01 7.665207e-01 3.113443e-01 -5.477075e-01 2.216791e-03 8.366670e-01 2.137254e-03 9.999969e-01 -1.250431e-03 -8.366672e-01 1.103299e-03 -5.477105e-01 6.867063e+01 -7.664857e-01 3.113443e-01 -5.477886e-01 -2.217394e-03 8.366139e-01 -2.137692e-03 9.999969e-01 1.250737e-03 -8.366141e-01 -1.103283e-03 -5.477916e-01 6.576292e+01 7.620088e-01 3.124451e-01 -9.765198e-01 -4.850622e-04 2.154273e-01 6.756360e-04 9.999857e-01 5.314216e-03 -2.154268e-01 5.334987e-03 -9.765054e-01 6.576292e+01 -7.619756e-01 3.124451e-01 -9.765525e-01 4.844570e-04 2.152788e-01 -6.754150e-04 9.999857e-01 -5.314172e-03 -2.152782e-01 -5.334970e-03 -9.765382e-01 6.867016e+01 1.750507e-05 3.301121e-01 9.999969e-01 -3.024364e-07 2.497105e-03 3.024623e-07 1.000000e+00 -1.000254e-08 -2.497105e-03 1.075778e-08 9.999969e-01
2.800000e+00 6.992118e+01 7.665211e-01 3.113443e-01 9.673297e-01 2.216810e-03 -2.535119e-01 -2.424076e-03 9.999969e-01 -5.052129e-04 2.535100e-01 1.103240e-03 9.673321e-01 6.992119e+01 -7.664853e-01 3.113443e-01 9.673543e-01 -2.217411e-03 -2.534181e-01 2.424606e-03 9.999969e-01 5.052859e-04 2.534162e-01 -1.103229e-03 9.673567e-01 6.701347e+01 7.620092e-01 3.124451e-01 8.680578e-01 -4.850594e-04 4.964629e-01 3.069691e-03 9.999857e-01 -4.390291e-03 -4.964536e-01 5.335014e-03 8.680468e-01 6.701347e+01 -7.619752e-01 3.124451e-01 8.679823e-01 4.844569e-04 4.965950e-01 -3.069831e-03 9.999857e-01 4.390114e-03 -4.965857e-01 -5.335004e-03 8.679713e-01 6.992071e+01 1.788245e-05 3.301123e-01 9.999969e-01 -3.011067e-07 2.496995e-03 3.011233e-07 1.000000e+00 -6.276678e-09 -2.496995e-03 7.028562e-09 9.999969e-01
2.850000e+00 7.117173e+01 7.665215e-01 3.113443e-01 -8.876688e-01 2.216827e-03 -4.604771e-01 1.459818e-03 9.999969e-01 2.000069e-03 4.604802e-01 1.103186e-03 -8.876693e-01 7.117173e+01 -7.664849e-01 3.113443e-01 -8.876242e-01 -2.217427e-03 -4.605632e-01 -1.460159e-03 9.999969e-01 -2.000481e-03 4.605662e-01 -1.103180e-03 -8.876247e-01 6.826402e+01 7.620096e-01 3.124450e-01 -3.095327e-01 -4.850573e-04 -9.508887e-01 -5.223167e-03 9.999857e-01 1.190140e-03 9.508744e-01 5.335038e-03 -3.095308e-01 6.826402e+01 -7.619748e-01 3.124450e-01 -3.093881e-01 4.844567e-04 -9.509357e-01 5.223156e-03 9.999857e-01 -1.189915e-03 9.509215e-01 -5.335032e-03 -3.093862e-01 7.117126e+01 1.826030e-05 3.301125e-01 9.999969e-01 -3.002335e-07 2.496882e-03 3.002439e-07 1.000000e+00 -3.785651e-09 -2.496882e-03 4.535312e-09 9.999969e-01
2.900000e+00 7.242227e+01 7.665219e-01 3.113443e-01 3.498782e-01 2.216844e-03 9.367926e-01 2.577850e-04 9.999969e-01 -2.462691e-03 -9.367952e-01 1.103133e-03 3.498765e-01 7.242227e+01 -7.664846e-01 3.113443e-01 3.497874e-01 -2.217443e-03 9.368265e-01 -2.578119e-04 9.999969e-01 2.463226e-03 -9.368291e-01 -1.103130e-03 3.497857e-01 6.951456e+01 7.620100e-01 3.124450e-01 -4.094863e-01 -4.850559e-04 9.123161e-01 4.668638e-03 9.999857e-01 2.627151e-03 -9.123043e-01 5.335056e-03 -4.094781e-01 6.951456e+01 -7.619744e-01 3.124450e-01 -4.096251e-01 4.844561e-04 9.122538e-01 -4.668482e-03 9.999857e-01 -2.627313e-03 -9.122420e-01 -5.335053e-03 -4.096169e-01 7.242180e+01 1.863764e-05 3.301126e-01 9.999969e-01 -2.998482e-07 2.496804e-03 2.998521e-07 1.000000e+00 -1.187842e-09 -2.496804e-03 1.936510e-09 9.999969e-01
2.950000e+00 7.367280e+01 7.665222e-01 3.113444e-01 3.684655e-01 2.216859e-03 -9.296388e-01 -1.842313e-03 9.999969e-01 1.654431e-03 9.296396e-01 1.103085e-03 3.684685e-01 7.367280e+01 -7.664842e-01 3.113444e-01 3.685556e-01 -2.217458e-03 -9.296031e-01 1.842693e-03 9.999969e-01 -1.654810e-03 9.296039e-01 -1.103084e-03 3.685586e-01 7.076509e+01 7.620104e-01 3.124450e-01 9.161788e-01 -4.850547e-04 -4.007695e-01 -1.693746e-03 9.999857e-01 -5.082277e-03 4.007662e-01 5.335076e-03 9.161648e-01 7.076509e+01 -7.619741e-01 3.124450e-01 9.162398e-01 4.844553e-04 -4.006301e-01 1.693522e-03 9.999857e-01 5.082295e-03 4.006268e-01 -5.335076e-03 9.162258e-01 7.367233e+01 1.901473e-05 3.301128e-01 9.999969e-01 -2.996750e-07 2.496725e-03 2.996757e-07 1.000000e+00 9.698845e-11 -2.496725e-03 6.512196e-10 9.999969e-01
3.000000e+00 7.492333e+01 7.665226e-01 3.113444e-01 -8.966451e-01 2.216875e-03 4.427446e-01 2.476118e-03 9.999969e-01 7.522102e-06 -4.427432e-01 1.103032e-03 -8.966478e-01 7.492333e+01 -7.664838e-01 3.113444e-01 -8.966880e-01 -2.217475e-03 4.426576e-01 -2.476655e-03 9.999969e-01 -7.497443e-06 -4.426563e-01 -1.103033e-03 -8.966907e-01 7.201562e+01 7.620107e-01 3.124450e-01 -9.479095e-01 -4.850545e-04 -3.185395e-01 -2.159217e-03 9.999857e-01 4.902673e-03 3.185326e-01 5.335086e-03 -9.478969e-01 7.201562e+01 -7.619737e-01 3.124450e-01 -9.478610e-01 4.844550e-04 -3.186838e-01 2.159395e-03 9.999857e-01 -4.902536e-03 3.186768e-01 -5.335087e-03 -9.478484e-01 7.492285e+01 1.939118e-05 3.301130e-01 9.999969e-01 -2.997407e-07 2.496641e-03 2.997389e-07 1.000000e+00 1.081180e-09 -2.496641e-03 -3.328359e-10 9.999969e-01
3.050000e+00 7.617385e+01 7.665230e-01 3.113444e-01 9.621233e-01 2.216891e-03 2.726057e-01 -1.832246e-03 9.999969e-01 -1.665547e-03 -2.726085e-01 1.102981e-03 9.621244e-01 7.617385e+01 -7.664835e-01 3.113444e-01 9.620969e-01 -2.217491e-03 2.726989e-01 1.832662e-03 9.999969e-01 1.665889e-03 -2.727018e-01 -1.102982e-03 9.620980e-01 7.326614e+01 7.620111e-01 3.124449e-01 4.882617e-01 -4.850540e-04 8.726971e-01 4.892759e-03 9.999857e-01 -2.181628e-03 -8.726835e-01 5.335102e-03 4.882571e-01 7.326614e+01 -7.619733e-01 3.124449e-01 4.881290e-01 4.844542e-04 8.727714e-01 -4.892800e-03 9.999857e-01 2.181407e-03 -8.727578e-01 -5.335104e-03 4.881243e-01 7.617337e+01 1.976729e-05 3.301132e-01 9.999969e-01 -2.998843e-07 2.496544e-03 2.998819e-07 1.000000e+00 1.337849e-09 -2.496544e-03 -5.891760e-10 9.999969e-01
3.100000e+00 7.742436e+01 7.665234e-01 3.113445e-01 -5.311485e-01 2.216908e-03 -8.472758e-01 2.430206e-04 9.999969e-01 2.464158e-03 8.472787e-01 1.102928e-03 -5.311474e-01 7.742436e+01 -7.664831e-01 3.113445e-01 -5.310664e-01 -2.217508e-03 -8.473273e-01 -2.430995e-04 9.999969e-01 -2.464690e-03 8.473302e-01 -1.102929e-03 -5.310653e-01 7.451665e+01 7.620115e-01 3.124449e-01 2.244817e-01 -4.850534e-04 -9.744782e-01 -5.090073e-03 9.999857e-01 -1.670304e-03 9.744650e-01 5.335118e-03 2.244760e-01 7.451665e+01 -7.619729e-01 3.124449e-01 2.246300e-01 4.844536e-04 -9.744440e-01 5.089955e-03 9.999857e-01 1.670495e-03 9.744308e-01 -5.335119e-03 2.246244e-01 7.742389e+01 2.014284e-05 3.301133e-01 9.999969e-01 -2.999383e-07 2.496454e-03 2.999358e-07 1.000000e+00 1.408683e-09 -2.496454e-03 -6.599030e-10 9.999969e-01
3.150000e+00 7.867486e+01 7.665237e-01 3.113445e-01 -1.738733e-01 2.216924e-03 9.847655e-01 1.471546e-03 9.999969e-01 -1.991393e-03 -9.847669e-01 1.102878e-03 -1.738760e-01 7.867486e+01 -7.664827e-01 3.113445e-01 -1.739687e-01 -2.217524e-03 9.847487e-01 -1.471844e-03 9.999969e-01 1.991841e-03 -9.847501e-01 -1.102878e-03 -1.739715e-01 7.576715e+01 7.620119e-01 3.124449e-01 -8.208399e-01 -4.850532e-04 5.711581e-01 2.649058e-03 9.999857e-01 4.656326e-03 -5.711522e-01 5.335130e-03 -8.208268e-01 7.576715e+01 -7.619726e-01 3.124449e-01 -8.209268e-01 4.844533e-04 5.710332e-01 -2.648842e-03 9.999857e-01 -4.656387e-03 -5.710273e-01 -5.335130e-03 -8.209137e-01 7.867439e+01 2.051838e-05 3.301135e-01 9.999969e-01 -2.999361e-07 2.496364e-03 2.999349e-07 1.000000e+00 8.664629e-10 -2.496364e-03 -1.177137e-10 9.999969e-01
3.200000e+00 7.992536e+01 7.665241e-01 3.113445e-01 7.891708e-01 2.216940e-03 -6.141697e-01 -2.426876e-03 9.999969e-01 4.912541e-04 6.141690e-01 1.102830e-03 7.891738e-01 7.992536e+01 -7.664823e-01 3.113445e-01 7.892304e-01 -2.217539e-03 -6.140933e-01 2.427396e-03 9.999969e-01 -4.913875e-04 6.140925e-01 -1.102829e-03 7.892333e-01 7.701765e+01 7.620122e-01 3.124449e-01 9.917500e-01 -4.850521e-04 1.281859e-01 1.164935e-03 9.999857e-01 -5.228958e-03 -1.281815e-01 5.335148e-03 9.917364e-01 7.701765e+01 -7.619722e-01 3.124449e-01 9.917305e-01 4.844528e-04 1.283368e-01 -1.165136e-03 9.999857e-01 5.228857e-03 -1.283325e-01 -5.335147e-03 9.917169e-01 7.992489e+01 2.089362e-05 3.301136e-01 9.999969e-01 -2.996560e-07 2.496289e-03 2.996561e-07 1.000000e+00 3.390503e-10 -2.496289e-03 4.089790e-10 9.999969e-01
3.250000e+00 8.117586e+01 7.665245e-01 3.113445e-01 -9.973091e-01 2.216955e-03 -7.327779e-02 2.130184e-03 9.999969e-01 1.262274e-03 7.328036e-02 1.102783e-03 -9.973108e-01 8.117586e+01 -7.664820e-01 3.113445e-01 -9.973020e-01 -2.217554e-03 -7.337444e-02 -2.130659e-03 9.999969e-01 -1.262525e-03 7.337702e-02 -1.102783e-03 -9.973037e-01 7.826815e+01 7.620126e-01 3.124449e-01 -6.486527e-01 -4.850510e-04 -7.610844e-01 -4.375137e-03 9.999857e-01 3.091511e-03 7.610720e-01 5.335165e-03 -6.486455e-01 7.826815e+01 -7.619718e-01 3.124449e-01 -6.485368e-01 4.844521e-04 -7.611831e-01 4.375219e-03 9.999857e-01 -3.091300e-03 7.611707e-01 -5.335165e-03 -6.485297e-01 8.117538e+01 2.126855e-05 3.301138e-01 9.999969e-01 -2.994236e-07 2.496219e-03 2.994229e-07 1.000000e+00 6.583973e-10 -2.496219e-03 8.902988e-11 9.999969e-01
3.300000e+00 8.242634e+01 7.665249e-01 3.113446e-01 6.909409e-01 2.216970e-03 7.229078e-01 -7.346181e-04 9.999969e-01 -2.364596e-03 -7.229108e-01 1.102735e-03 6.909404e-01 8.242634e+01 -7.664816e-01 3.113446e-01 6.908709e-01 -2.217569e-03 7.229748e-01 7.348016e-04 9.999969e-01 2.365102e-03 -7.229778e-01 -1.102737e-03 6.908704e-01 7.951863e+01 7.620130e-01 3.124448e-01 -3.059576e-02 -4.850509e-04 9.995317e-01 5.317838e-03 9.999857e-01 6.480507e-04 -9.995177e-01 5.335176e-03 -3.059274e-02 7.951863e+01 -7.619715e-01 3.124448e-01 -3.074788e-02 4.844515e-04 9.995271e-01 -5.317760e-03 9.999857e-01 -6.482611e-04 -9.995130e-01 -5.335178e-03 -3.074486e-02 8.242587e+01 2.164352e-05 3.301140e-01 9.999969e-01 -2.996949e-07 2.496132e-03 2.996912e-07 1.000000e+00 1.873347e-09 -2.496132e-03 -1.125272e-09 9.999969e-01
3.350000e+00 8.367682e+01 7.665252e-01 3.113446e-01 -2.814717e-02 2.216984e-03 -9.996013e-01 -1.039852e-03 9.999969e-01 2.247142e-03 9.996032e-01 1.102688e-03 -2.814478e-02 8.367683e+01 -7.664812e-01 3.113446e-01 -2.805029e-02 -2.217584e-03 -9.996041e-01 1.040055e-03 9.999969e-01 -2.247641e-03 9.996060e-01 -1.102690e-03 -2.804790e-02 8.076911e+01 7.620134e-01 3.124448e-01 6.939786e-01 -4.850505e-04 -7.199955e-01 -3.504705e-03 9.999857e-01 -4.051739e-03 7.199871e-01 5.335191e-03 6.939669e-01 8.076911e+01 -7.619711e-01 3.124448e-01 6.940881e-01 4.844508e-04 -7.198899e-01 3.504506e-03 9.999857e-01 4.051841e-03 7.198815e-01 -5.335193e-03 6.940765e-01 8.367635e+01 2.201875e-05 3.301141e-01 9.999969e-01 -2.998986e-07 2.496044e-03 2.998950e-07 1.000000e+00 1.811129e-09 -2.496044e-03 -1.062572e-09 9.999969e-01
3.400000e+00 8.492730e+01 7.665256e-01 3.113446e-01 -6.491521e-01 2.216999e-03 7.606554e-01 2.277906e-03 9.999969e-01 -9.705904e-04 -7.606552e-01 1.102641e-03 -6.491552e-01 8.492730e+01 -7.664808e-01 3.113446e-01 -6.492258e-01 -2.217600e-03 7.605925e-01 -2.278391e-03 9.999969e-01 9.708258e-04 -7.605923e-01 -1.102642e-03 -6.492289e-01 8.201959e+01 7.620138e-01 3.124447e-01 -9.977287e-01 -4.850499e-04 6.735816e-02 -1.245713e-04 9.999857e-01 5.355766e-03 -6.735979e-02 5.335211e-03 -9.977145e-01 8.201959e+01 -7.619707e-01 3.124447e-01 -9.977390e-01 4.844497e-04 6.720635e-02 1.247874e-04 9.999857e-01 -5.355708e-03 -6.720798e-02 -5.335212e-03 -9.977247e-01 8.492683e+01 2.239401e-05 3.301143e-01 9.999969e-01 -3.000748e-07 2.495957e-03 3.000726e-07 1.000000e+00 1.240485e-09 -2.495957e-03 -4.915126e-10 9.999969e-01
3.450000e+00 8.617777e+01 7.665260e-01 3.113447e-01 9.915955e-01 2.217014e-03 -1.293575e-01 -2.341015e-03 9.999969e-01 -8.065449e-04 1.293553e-01 1.102594e-03 9.915977e-01 8.617777e+01 -7.664805e-01 3.113447e-01 9.916081e-01 -2.217615e-03 -1.292613e-01 2.341532e-03 9.999969e-01 8.066943e-04 1.292592e-01 -1.102594e-03 9.916102e-01 8.327006e+01 7.620141e-01 3.124447e-01 7.844673e-01 -4.850493e-04 6.201699e-01 3.689250e-03 9.999856e-01 -3.884505e-03 -6.201592e-01 5.335229e-03 7.844579e-01 8.327006e+01 -7.619703e-01 3.124447e-01 7.843729e-01 4.844487e-04 6.202893e-01 -3.689370e-03 9.999857e-01 3.884317e-03 -6.202786e-01 -5.335230e-03 7.843635e-01 8.617730e+01 2.276915e-05 3.301144e-01 9.999969e-01 -3.003147e-07 2.495871e-03 3.003133e-07 1.000000e+00 9.426948e-10 -2.495871e-03 -1.931487e-10 9.999969e-01
3.500000e+00 8.742823e+01 7.665264e-01 3.113447e-01 -8.225771e-01 2.217028e-03 -5.686492e-01 1.196713e-03 9.999969e-01 2.167650e-03 5.686523e-01 1.102549e-03 -8.225773e-01 8.742823e+01 -7.664801e-01 3.113447e-01 -8.225220e-01 -2.217629e-03 -5.687289e-01 -1.196997e-03 9.999969e-01 -2.168108e-03 5.687320e-01 -1.102550e-03 -8.225222e-01 8.452052e+01 7.620145e-01 3.124447e-01 -1.647387e-01 -4.850493e-04 -9.863371e-01 -5.342252e-03 9.999856e-01 4.005053e-04 9.863228e-01 5.335240e-03 -1.647389e-01 8.452052e+01 -7.619700e-01 3.124447e-01 -1.645886e-01 4.844482e-04 -9.863622e-01 5.342214e-03 9.999857e-01 -4.002852e-04 9.863478e-01 -5.335240e-03 -1.645888e-01 8.742776e+01 2.314434e-05 3.301146e-01 9.999969e-01 -3.005725e-07 2.495792e-03 3.005713e-07 1.000000e+00 8.647431e-10 -2.495792e-03 -1.145769e-10 9.999969e-01
3.550000e+00 8.867869e+01 7.665268e-01 3.113447e-01 2.293053e-01 2.217042e-03 9.733520e-01 5.647514e-04 9.999969e-01 -2.410778e-03 -9.733544e-01 1.102506e-03 2.293033e-01 8.867869e+01 -7.664797e-01 3.113447e-01 2.292110e-01 -2.217643e-03 9.733742e-01 -5.648464e-04 9.999969e-01 2.411308e-03 -9.733766e-01 -1.102505e-03 2.292090e-01 8.577098e+01 7.620149e-01 3.124447e-01 -5.403370e-01 -4.850485e-04 8.414486e-01 4.227259e-03 9.999856e-01 3.290975e-03 -8.414381e-01 5.335256e-03 -5.403272e-01 8.577098e+01 -7.619696e-01 3.124447e-01 -5.404650e-01 4.844475e-04 8.413663e-01 -4.227082e-03 9.999857e-01 -3.291111e-03 -8.413559e-01 -5.335255e-03 -5.404552e-01 8.867822e+01 2.351967e-05 3.301147e-01 9.999969e-01 -3.005213e-07 2.495723e-03 3.005218e-07 1.000000e+00 1.941878e-10 -2.495723e-03 5.558320e-10 9.999969e-01
3.600000e+00 8.992914e+01 7.665271e-01 3.113447e-01 4.822170e-01 2.217056e-03 -8.760490e-01 -2.034921e-03 9.999969e-01 1.410624e-03 8.760494e-01 1.102463e-03 4.822200e-01 8.992914e+01 -7.664793e-01 3.113447e-01 4.823019e-01 -2.217657e-03 -8.760022e-01 2.035346e-03 9.999969e-01 -1.410954e-03 8.760027e-01 -1.102462e-03 4.823050e-01 8.702143e+01 7.620153e-01 3.124447e-01 9.654468e-01 -4.850477e-04 -2.605997e-01 -9.220895e-04 9.999856e-01 -5.277324e-03 2.605985e-01 5.335272e-03 9.654325e-01 8.702143e+01 -7.619692e-01 3.124447e-01 9.654865e-01 4.844470e-04 -2.604528e-01 9.218659e-04 9.999857e-01 5.277306e-03 2.604516e-01 -5.335270e-03 9.654722e-01 8.992867e+01 2.389499e-05 3.301149e-01 9.999969e-01 -3.003521e-07 2.495655e-03 3.003535e-07 1.000000e+00 -1.754752e-10 -2.495655e-03 9.250534e-10 9.999969e-01
3.650000e+00 9.117959e+01 7.665275e-01 3.113448e-01 -9.450377e-01 2.217070e-03 3.269537e-01 2.455661e-03 9.999969e-01 3.169527e-04 -3.269520e-01 1.102420e-03 -9.450403e-01 9.117959e+01 -7.664790e-01 3.113448e-01 -9.450694e-01 -2.217670e-03 3.268621e-01 -2.456197e-03 9.999969e-01 -3.169941e-04 -3.268604e-01 -1.102419e-03 -9.450720e-01 8.827188e+01 7.620156e-01 3.124446e-01 -8.903640e-01 -4.850475e-04 -4.552491e-01 -2.860745e-03 9.999856e-01 4.529528e-03 4.552404e-01 5.335280e-03 -8.903526e-01 8.827188e+01 -7.619688e-01 3.124446e-01 -8.902947e-01 4.844468e-04 -4.553846e-01 2.860899e-03 9.999856e-01 -4.529366e-03 4.553759e-01 -5.335279e-03 -8.902833e-01 9.117911e+01 2.427021e-05 3.301150e-01 9.999969e-01 -3.003171e-07 2.495581e-03 3.003169e-07 1.000000e+00 4.317297e-10 -2.495581e-03 3.177368e-10 9.999969e-01
3.700000e+00 9.243003e+01 7.665279e-01 3.113448e-01 9.204988e-01 2.217084e-03 3.907390e-01 -1.610083e-03 9.999969e-01 -1.881043e-03 -3.907420e-01 1.102376e-03 9.204996e-01 9.243003e+01 -7.664786e-01 3.113448e-01 9.204610e-01 -2.217684e-03 3.908282e-01 1.610454e-03 9.999969e-01 1.881435e-03 -3.908312e-01 -1.102376e-03 9.204617e-01 8.952232e+01 7.620160e-01 3.124446e-01 3.540207e-01 -4.850472e-04 9.352375e-01 5.161479e-03 9.999856e-01 -1.435176e-03 -9.352233e-01 5.335291e-03 3.540181e-01 8.952232e+01 -7.619685e-01 3.124446e-01 3.538784e-01 4.844464e-04 9.352913e-01 -5.161485e-03 9.999856e-01 1.434952e-03 -9.352772e-01 -5.335291e-03 3.538758e-01 9.242955e+01 2.464568e-05 3.301152e-01 9.999969e-01 -3.003979e-07 2.495505e-03 3.003967e-07 1.000000e+00 8.569604e-10 -2.495505e-03 -1.073164e-10 9.999969e-01
3.750000e+00 9.368046e+01 7.665283e-01 3.113448e-01 -4.212857e-01 2.217097e-03 -9.069253e-01 -6.570528e-05 9.999969e-01 2.475145e-03 9.069280e-01 1.102333e-03 -4.212843e-01 9.368046e+01 -7.664782e-01 3.113448e-01 -4.211978e-01 -2.217698e-03 -9.069661e-01 6.569189e-05 9.999969e-01 -2.475683e-03 9.069688e-01 -1.102333e-03 -4.211964e-01 9.077275e+01 7.620164e-01 3.124446e-01 3.657104e-01 -4.850465e-04 -9.307286e-01 -4.788338e-03 9.999856e-01 -2.402617e-03 9.307164e-01 5.335305e-03 3.657028e-01 9.077275e+01 -7.619681e-01 3.124446e-01 3.658520e-01 4.844459e-04 -9.306729e-01 4.788192e-03 9.999856e-01 2.402787e-03 9.306607e-01 -5.335305e-03 3.658445e-01 9.367999e+01 2.502128e-05 3.301153e-01 9.999969e-01 -3.003131e-07 2.495430e-03 3.003126e-07 1.000000e+00 5.669813e-10 -2.495430e-03 1.824295e-10 9.999969e-01
3.800000e+00 9.493089e+01 7.665286e-01 3.113448e-01 -2.951533e-01 2.217111e-03 9.554473e-01 1.707575e-03 9.999969e-01 -1.792990e-03 -9.554484e-01 1.102291e-03 -2.951562e-01 9.493089e+01 -7.664778e-01 3.113448e-01 -2.952459e-01 -2.217711e-03 9.554187e-01 -1.707925e-03 9.999969e-01 1.793399e-03 -9.554198e-01 -1.102290e-03 -2.952488e-01 9.202318e+01 7.620168e-01 3.124445e-01 -8.959843e-01 -4.850458e-04 4.440855e-01 1.934752e-03 9.999856e-01 4.995763e-03 -4.440816e-01 5.335320e-03 -8.959705e-01 9.202318e+01 -7.619677e-01 3.124445e-01 -8.960518e-01 4.844454e-04 4.439492e-01 -1.934529e-03 9.999856e-01 -4.995790e-03 -4.439452e-01 -5.335319e-03 -8.960380e-01 9.493042e+01 2.539684e-05 3.301154e-01 9.999969e-01 -3.001788e-07 2.495358e-03 3.001791e-07 1.000000e+00 2.603863e-10 -2.495358e-03 4.886687e-10 9.999969e-01
3.850000e+00 9.618131e+01 7.665290e-01 3.113449e-01 8.593904e-01 2.217124e-03 -5.113151e-01 -2.468978e-03 9.999969e-01 1.863841e-04 5.113140e-01 1.102249e-03 8.593933e-01 9.618131e+01 -7.664775e-01 3.113449e-01 8.594400e-01 -2.217725e-03 -5.112318e-01 2.469513e-03 9.999969e-01 -1.864515e-04 5.112307e-01 -1.102249e-03 8.594428e-01 9.327360e+01 7.620171e-01 3.124445e-01 9.621326e-01 -4.850454e-04 2.725815e-01 1.920984e-03 9.999856e-01 -5.001084e-03 -2.725752e-01 5.335330e-03 9.621197e-01 9.327360e+01 -7.619673e-01 3.124445e-01 9.620911e-01 4.844450e-04 2.727279e-01 -1.921168e-03 9.999856e-01 5.000955e-03 -2.727216e-01 -5.335331e-03 9.620782e-01 9.618084e+01 2.577224e-05 3.301156e-01 9.999969e-01 -3.002273e-07 2.495287e-03 3.002262e-07 1.000000e+00 7.968030e-10 -2.495287e-03 -4.764993e-11 9.999969e-01
3.900000e+00 9.743173e+01 7.665294e-01 3.113449e-01 -9.805124e-01 2.217137e-03 -1.964449e-01 1.957410e-03 9.999969e-01 1.516281e-03 1.964476e-01 1.102209e-03 -9.805137e-01 9.743173e+01 -7.664771e-01 3.113449e-01 -9.804933e-01 -2.217737e-03 -1.965399e-01 -1.957852e-03 9.999969e-01 -1.516589e-03 1.965427e-01 -1.102209e-03 -9.804947e-01 9.452402e+01 7.620175e-01 3.124445e-01 -5.299217e-01 -4.850450e-04 -8.480464e-01 -4.781651e-03 9.999856e-01 2.415980e-03 8.480331e-01 5.335342e-03 -5.299164e-01 9.452402e+01 -7.619670e-01 3.124445e-01 -5.297926e-01 4.844445e-04 -8.481271e-01 4.781701e-03 9.999856e-01 -2.415761e-03 8.481137e-01 -5.335343e-03 -5.297874e-01 9.743126e+01 2.614772e-05 3.301157e-01 9.999969e-01 -3.002337e-07 2.495218e-03 3.002322e-07 1.000000e+00 1.000525e-09 -2.495218e-03 -2.513774e-10 9.999969e-01
3.950000e+00 9.868215e+01 7.665298e-01 3.113449e-01 5.960980e-01 2.217150e-03 8.029086e-01 -4.366959e-04 9.999969e-01 -2.437176e-03 -8.029115e-01 1.102169e-03 5.960972e-01 9.868215e+01 -7.664767e-01 3.113449e-01 5.960202e-01 -2.217750e-03 8.029664e-01 4.368175e-04 9.999969e-01 2.437700e-03 -8.029693e-01 -1.102169e-03 5.960194e-01 9.577444e+01 7.620179e-01 3.124445e-01 -1.767556e-01 -4.850444e-04 9.842547e-01 5.165617e-03 9.999856e-01 1.420455e-03 -9.842412e-01 5.335356e-03 -1.767505e-01 9.577444e+01 -7.619666e-01 3.124445e-01 -1.769053e-01 4.844440e-04 9.842278e-01 -5.165507e-03 9.999856e-01 -1.420650e-03 -9.842143e-01 -5.335356e-03 -1.769003e-01 9.868167e+01 2.652331e-05 3.301158e-01 9.999969e-01 -3.001882e-07 2.495151e-03 3.001871e-07 1.000000e+00 8.115900e-10 -2.495151e-03 -6.257535e-11 9.999969e-01
4.000000e+00 9.993255e+01 7.665302e-01 3.113449e-01 9.563372e-02 2.217162e-03 -9.954141e-01 -1.309116e-03 9.999969e-01 2.101598e-03 9.954157e-01 1.102129e-03 9.563633e-02 9.993255e+01 -7.664764e-01 3.113449e-01 9.573019e-02 -2.217763e-03 -9.954048e-01 1.309377e-03 9.999969e-01 -2.102068e-03 9.954065e-01 -1.102129e-03 9.573280e-02 9.702484e+01 7.620183e-01 3.124445e-01 7.918738e-01 -4.850439e-04 -6.106846e-01 -2.874140e-03 9.999856e-01 -4.521144e-03 6.106780e-01 5.335369e-03 7.918610e-01 9.702484e+01 -7.619662e-01 3.124445e-01 7.919667e-01 4.844435e-04 -6.105641e-01 2.873928e-03 9.999856e-01 4.521215e-03 6.105576e-01 -5.335369e-03 7.919539e-01 9.993208e+01 2.689885e-05 3.301160e-01 9.999969e-01 -3.002063e-07 2.495084e-03 3.002053e-07 1.000000e+00 7.840247e-10 -2.495084e-03 -3.498490e-11 9.999969e-01
4.050000e+00 1.011830e+02 7.665305e-01 3.113450e-01 -7.380504e-01 2.217175e-03 6.747419e-01 2.380020e-03 9.999969e-01 -6.826219e-04 -6.747413e-01 1.102090e-03 -7.380535e-01 1.011830e+02 -7.664760e-01 3.113450e-01 -7.381158e-01 -2.217776e-03 6.746704e-01 -2.380529e-03 9.999969e-01 6.827961e-04 -6.746698e-01 -1.102090e-03 -7.381188e-01 9.827525e+01 7.620187e-01 3.124444e-01 -9.968619e-01 -4.850436e-04 -7.915913e-02 -9.058587e-04 9.999856e-01 5.280243e-03 7.915543e-02 5.335380e-03 -9.968480e-01 9.827525e+01 -7.619659e-01 3.124444e-01 -9.968498e-01 4.844430e-04 -7.931081e-02 9.060635e-04 9.999856e-01 -5.280153e-03 7.930711e-02 -5.335380e-03 -9.968360e-01 1.011825e+02 2.727434e-05 3.301161e-01 9.999969e-01 -3.003047e-07 2.495016e-03 3.003031e-07 1.000000e+00 9.812950e-10 -2.495016e-03 -2.320309e-10 9.999969e-01
4.100000e+00 1.024334e+02 7.665309e-01 3.113450e-01 9.999781e-01 2.217187e-03 -6.233916e-03 -2.224013e-03 9.999969e-01 -1.088210e-03 6.231484e-03 1.102051e-03 9.999800e-01 1.024334e+02 -7.664756e-01 3.113450e-01 9.999787e-01 -2.217788e-03 -6.136992e-03 2.224508e-03 9.999969e-01 1.088423e-03 6.134559e-03 -1.102051e-03 9.999806e-01 9.952564e+01 7.620190e-01 3.124444e-01 6.855820e-01 -4.850433e-04 7.279952e-01 4.216672e-03 9.999856e-01 -3.304745e-03 -7.279832e-01 5.335391e-03 6.855742e-01 9.952564e+01 -7.619655e-01 3.124444e-01 6.854712e-01 4.844424e-04 7.280996e-01 -4.216764e-03 9.999856e-01 3.304541e-03 -7.280875e-01 -5.335392e-03 6.854634e-01 1.024329e+02 2.764990e-05 3.301162e-01 9.999969e-01 -3.004509e-07 2.494949e-03 3.004490e-07 1.000000e+00 1.117133e-09 -2.494949e-03 -3.675249e-10 9.999969e-01
4.150000e+00 1.036837e+02 7.665313e-01 3.113450e-01 -7.464158e-01 2.217199e-03 -6.654761e-01 9.215891e-04 9.999969e-01 2.298059e-03 6.654792e-01 1.102012e-03 -7.464156e-01 1.036837e+02 -7.664752e-01 3.113450e-01 -7.463513e-01 -2.217800e-03 -6.655485e-01 -9.218147e-04 9.999969e-01 -2.298549e-03 6.655515e-01 -1.102013e-03 -7.463511e-01 1.007760e+02 7.620194e-01 3.124444e-01 -1.926629e-02 -4.850431e-04 -9.998143e-01 -5.343757e-03 9.999856e-01 -3.821527e-04 9.998001e-01 5.335402e-03 -1.926860e-02 1.007760e+02 -7.619651e-01 3.124444e-01 -1.911412e-02 4.844418e-04 -9.998172e-01 5.343688e-03 9.999856e-01 3.823649e-04 9.998030e-01 -5.335403e-03 -1.911643e-02 1.036833e+02 2.802556e-05 3.301164e-01 9.999969e-01 -3.006375e-07 2.494883e-03 3.006357e-07 1.000000e+00 1.124933e-09 -2.494883e-03 -3.748792e-10 9.999969e-01
4.200000e+00 1.049341e+02 7.665317e-01 3.113450e-01 1.080985e-01 2.217211e-03 9.941377e-01 8.558425e-04 9.999969e-01 -2.323339e-03 -9.941398e-01 1.101975e-03 1.080963e-01 1.049341e+02 -7.664749e-01 3.113450e-01 1.080022e-01 -2.217813e-03 9.941482e-01 -8.560030e-04 9.999969e-01 2.323855e-03 -9.941503e-01 -1.101975e-03 1.079999e-01 1.020264e+02 7.620198e-01 3.124443e-01 -6.570148e-01 -4.850429e-04 7.538775e-01 3.703573e-03 9.999856e-01 3.871105e-03 -7.538685e-01 5.335414e-03 -6.570036e-01 1.020264e+02 -7.619647e-01 3.124443e-01 -6.571296e-01 4.844412e-04 7.537775e-01 -3.703380e-03 9.999856e-01 -3.871215e-03 -7.537685e-01 -5.335414e-03 -6.571184e-01 1.049337e+02 2.840133e-05 3.301165e-01 9.999969e-01 -3.008646e-07 2.494817e-03 3.008630e-07 1.000000e+00 1.004695e-09 -2.494817e-03 -2.540938e-10 9.999969e-01
4.250000e+00 1.061845e+02 7.665320e-01 3.113451e-01 5.859280e-01 2.217223e-03 -8.103601e-01 -2.192106e-03 9.999969e-01 1.151093e-03 8.103602e-01 1.101938e-03 5.859310e-01 1.061845e+02 -7.664745e-01 3.113451e-01 5.860065e-01 -2.217825e-03 -8.103033e-01 2.192570e-03 9.999969e-01 -1.151368e-03 8.103034e-01 -1.101938e-03 5.860096e-01 1.032768e+02 7.620202e-01 3.124443e-01 9.930648e-01 -4.850426e-04 -1.175669e-01 -1.455978e-04 9.999856e-01 -5.355449e-03 1.175678e-01 5.335425e-03 9.930505e-01 1.032768e+02 -7.619644e-01 3.124443e-01 9.930827e-01 4.844405e-04 -1.174158e-01 1.453806e-04 9.999856e-01 5.355400e-03 1.174167e-01 -5.335425e-03 9.930684e-01 1.061840e+02 2.877717e-05 3.301166e-01 9.999969e-01 -3.010657e-07 2.494753e-03 3.010647e-07 1.000000e+00 7.931940e-10 -2.494753e-03 -4.210930e-11 9.999969e-01
4.300000e+00 1.074349e+02 7.665324e-01 3.113451e-01 -9.779351e-01 2.217234e-03 2.088972e-01 2.398500e-03 9.999969e-01 6.144183e-04 -2.088952e-01 1.101901e-03 -9.779374e-01 1.074349e+02 -7.664741e-01 3.113451e-01 -9.779553e-01 -2.217837e-03 2.088024e-01 -2.399030e-03 9.999969e-01 -6.145245e-04 -2.088004e-01 -1.101901e-03 -9.779577e-01 1.045272e+02 7.620205e-01 3.124443e-01 -8.148931e-01 -4.850422e-04 -5.796111e-01 -3.487731e-03 9.999856e-01 4.066680e-03 5.796008e-01 5.335437e-03 -8.148831e-01 1.045272e+02 -7.619640e-01 3.124443e-01 -8.148049e-01 4.844401e-04 -5.797351e-01 3.487859e-03 9.999856e-01 -4.066498e-03 5.797248e-01 -5.335436e-03 -8.147949e-01 1.074344e+02 2.915301e-05 3.301167e-01 9.999969e-01 -3.010779e-07 2.494691e-03 3.010774e-07 1.000000e+00 5.807383e-10 -2.494691e-03 1.703585e-10 9.999969e-01
4.350000e+00 1.086853e+02 7.665328e-01 3.113451e-01 8.658927e-01 2.217246e-03 5.002248e-01 -1.368718e-03 9.999969e-01 -2.063225e-03 -5.002279e-01 1.101865e-03 8.658931e-01 1.086853e+02 -7.664737e-01 3.113451e-01 8.658443e-01 -2.217848e-03 5.003087e-01 1.369039e-03 9.999969e-01 2.063658e-03 -5.003118e-01 -1.101864e-03 8.658446e-01 1.057776e+02 7.620209e-01 3.124443e-01 2.147810e-01 -4.850415e-04 9.766621e-01 5.315109e-03 9.999856e-01 -6.722386e-04 -9.766478e-01 5.335449e-03 2.147805e-01 1.057776e+02 -7.619636e-01 3.124443e-01 2.146324e-01 4.844398e-04 9.766948e-01 -5.315081e-03 9.999856e-01 6.720172e-04 -9.766804e-01 -5.335448e-03 2.146319e-01 1.086848e+02 2.952884e-05 3.301168e-01 9.999969e-01 -3.008937e-07 2.494629e-03 3.008937e-07 1.000000e+00 3.714739e-10 -2.494629e-03 3.791454e-10 9.999969e-01
4.400000e+00 1.099356e+02 7.665332e-01 3.113451e-01 -3.075745e-01 2.217258e-03 -9.515214e-01 -3.664456e-04 9.999969e-01 2.448669e-03 9.515239e-01 1.101829e-03 -3.075728e-01 1.099356e+02 -7.664734e-01 3.113451e-01 -3.074823e-01 -2.217859e-03 -9.515512e-01 3.664972e-04 9.999969e-01 -2.449205e-03 9.515537e-01 -1.101828e-03 -3.074806e-01 1.070279e+02 7.620213e-01 3.124443e-01 4.965294e-01 -4.850406e-04 -8.680197e-01 -4.390453e-03 9.999856e-01 -3.070233e-03 8.680088e-01 5.335461e-03 4.965202e-01 1.070279e+02 -7.619632e-01 3.124443e-01 4.966615e-01 4.844396e-04 -8.679442e-01 4.390284e-03 9.999856e-01 3.070379e-03 8.679332e-01 -5.335460e-03 4.966523e-01 1.099352e+02 2.990467e-05 3.301170e-01 9.999969e-01 -3.005144e-07 2.494568e-03 3.005150e-07 1.000000e+00 1.658547e-10 -2.494568e-03 5.838008e-10 9.999969e-01
4.450000e+00 1.111860e+02 7.665335e-01 3.113451e-01 -4.092516e-01 2.217270e-03 9.124189e-01 1.912725e-03 9.999969e-01 -1.572170e-03 -9.124195e-01 1.101793e-03 -4.092546e-01 1.111860e+02 -7.664730e-01 3.113451e-01 -4.093401e-01 -2.217870e-03 9.123792e-01 -1.913122e-03 9.999969e-01 1.572532e-03 -9.123799e-01 -1.101792e-03 -4.093430e-01 1.082783e+02 7.620217e-01 3.124443e-01 -9.507497e-01 -4.850398e-04 3.099593e-01 1.192635e-03 9.999856e-01 5.223041e-03 -3.099574e-01 5.335473e-03 -9.507355e-01 1.082783e+02 -7.619629e-01 3.124443e-01 -9.507969e-01 4.844395e-04 3.098146e-01 -1.192411e-03 9.999856e-01 -5.223036e-03 -3.098127e-01 -5.335472e-03 -9.507826e-01 1.111855e+02 3.028053e-05 3.301171e-01 9.999969e-01 -3.001514e-07 2.494508e-03 3.001523e-07 1.000000e+00 3.646538e-11 -2.494508e-03 7.122669e-10 9.999969e-01
4.500000e+00 1.124364e+02 7.665339e-01 3.113452e-01 9.151557e-01 2.217281e-03 -4.030945e-01 -2.473276e-03 9.999969e-01 -1.145093e-04 4.030931e-01 1.101758e-03 9.151583e-01 1.124364e+02 -7.664726e-01 3.113452e-01 9.151947e-01 -2.217881e-03 -4.030059e-01 2.473813e-03 9.999969e-01 1.145064e-04 4.030044e-01 -1.101757e-03 9.151974e-01 1.095287e+02 7.620221e-01 3.124442e-01 9.127271e-01 -4.850392e-04 4.085694e-01 2.622618e-03 9.999856e-01 -4.671673e-03 -4.085613e-01 5.335484e-03 9.127153e-01 1.095287e+02 -7.619625e-01 3.124442e-01 9.126649e-01 4.844392e-04 4.087083e-01 -2.622781e-03 9.999856e-01 4.671519e-03 -4.087002e-01 -5.335484e-03 9.126531e-01 1.124359e+02 3.065646e-05 3.301172e-01 9.999969e-01 -2.999578e-07 2.494448e-03 2.999587e-07 1.000000e+00 3.589166e-11 -2.494448e-03 7.123396e-10 9.999969e-01
4.550000e+00 1.136867e+02 7.665343e-01 3.113452e-01 -9.494361e-01 2.217292e-03 -3.139524e-01 1.759291e-03 9.999969e-01 1.742146e-03 3.139553e-01 1.101723e-03 -9.494371e-01 1.136867e+02 -7.664722e-01 3.113452e-01 -9.494057e-01 -2.217892e-03 -3.140444e-01 -1.759692e-03 9.999969e-01 -1.742504e-03 3.140473e-01 -1.101722e-03 -9.494067e-01 1.107790e+02 7.620224e-01 3.124442e-01 -4.021713e-01 -4.850387e-04 -9.155643e-01 -5.080056e-03 9.999856e-01 1.701706e-03 9.155503e-01 5.335495e-03 -4.021680e-01 1.107790e+02 -7.619621e-01 3.124442e-01 -4.020320e-01 4.844388e-04 -9.156255e-01 5.080073e-03 9.999856e-01 -1.701482e-03 9.156115e-01 -5.335495e-03 -4.020287e-01 1.136862e+02 3.103245e-05 3.301173e-01 9.999969e-01 -2.999336e-07 2.494388e-03 2.999341e-07 1.000000e+00 1.641335e-10 -2.494388e-03 5.840190e-10 9.999969e-01
4.600000e+00 1.149371e+02 7.665347e-01 3.113452e-01 4.944519e-01 2.217303e-03 8.692021e-01 -1.387574e-04 9.999969e-01 -2.472023e-03 -8.692050e-01 1.101688e-03 4.944507e-01 1.149371e+02 -7.664719e-01 3.113452e-01 4.943677e-01 -2.217903e-03 8.692501e-01 1.388146e-04 9.999969e-01 2.472558e-03 -8.692529e-01 -1.101688e-03 4.943665e-01 1.120294e+02 7.620228e-01 3.124442e-01 -3.165801e-01 -4.850385e-04 9.485656e-01 4.907526e-03 9.999856e-01 2.149200e-03 -9.485531e-01 5.335505e-03 -3.165732e-01 1.120294e+02 -7.619617e-01 3.124442e-01 -3.167244e-01 4.844383e-04 9.485175e-01 -4.907390e-03 9.999856e-01 -2.149377e-03 -9.485049e-01 -5.335505e-03 -3.167175e-01 1.149366e+02 3.140850e-05 3.301174e-01 9.999969e-01 -3.000787e-07 2.494329e-03 3.000786e-07 1.000000e+00 4.211909e-10 -2.494329e-03 3.273051e-10 9.999969e-01
4.650000e+00 1.161874e+02 7.665351e-01 3.113452e-01 2.153174e-01 2.217314e-03 -9.765416e-01 -1.553243e-03 9.999969e-01 1.928097e-03 9.765429e-01 1.101654e-03 2.153202e-01 1.161874e+02 -7.664715e-01 3.113452e-01 2.154120e-01 -2.217914e-03 -9.765207e-01 1.553560e-03 9.999969e-01 -1.928533e-03 9.765220e-01 -1.101654e-03 2.154148e-01 1.132797e+02 7.620232e-01 3.124442e-01 8.714337e-01 -4.850385e-04 -4.905131e-01 -2.194467e-03 9.999856e-01 -4.887462e-03 4.905085e-01 5.335514e-03 8.714201e-01 1.132797e+02 -7.619614e-01 3.124442e-01 8.715083e-01 4.844376e-04 -4.903806e-01 2.194248e-03 9.999856e-01 4.887502e-03 4.903759e-01 -5.335515e-03 8.714947e-01 1.161869e+02 3.178462e-05 3.301175e-01 9.999969e-01 -3.003933e-07 2.494269e-03 3.003922e-07 1.000000e+00 8.070638e-10 -2.494269e-03 -5.780225e-11 9.999969e-01
4.700000e+00 1.174378e+02 7.665354e-01 3.113452e-01 -8.141263e-01 2.217324e-03 5.806836e-01 2.444881e-03 9.999969e-01 -3.907040e-04 -5.806827e-01 1.101620e-03 -8.141292e-01 1.174378e+02 -7.664711e-01 3.113452e-01 -8.141825e-01 -2.217926e-03 5.806047e-01 -2.445409e-03 9.999969e-01 3.908154e-04 -5.806038e-01 -1.101621e-03 -8.141855e-01 1.145300e+02 7.620236e-01 3.124441e-01 -9.751711e-01 -4.850386e-04 -2.214523e-01 -1.654553e-03 9.999856e-01 5.095637e-03 2.214467e-01 5.335523e-03 -9.751579e-01 1.145300e+02 -7.619610e-01 3.124441e-01 -9.751374e-01 4.844369e-04 -2.216006e-01 1.654742e-03 9.999856e-01 -5.095520e-03 2.215950e-01 -5.335524e-03 -9.751242e-01 1.174373e+02 3.216080e-05 3.301176e-01 9.999969e-01 -3.008772e-07 2.494210e-03 3.008748e-07 1.000000e+00 1.321752e-09 -2.494210e-03 -5.713029e-10 9.999969e-01
4.750000e+00 1.186881e+02 7.665358e-01 3.113453e-01 9.934352e-01 2.217334e-03 1.143745e-01 -2.076788e-03 9.999969e-01 -1.347967e-03 -1.143771e-01 1.101586e-03 9.934368e-01 1.186881e+02 -7.664707e-01 3.113453e-01 9.934241e-01 -2.217937e-03 1.144708e-01 2.077256e-03 9.999969e-01 1.348239e-03 -1.144734e-01 -1.101588e-03 9.934257e-01 1.157804e+02 7.620239e-01 3.124441e-01 5.741157e-01 -4.850389e-04 8.187740e-01 4.647060e-03 9.999856e-01 -2.666081e-03 -8.187610e-01 5.335531e-03 5.741098e-01 1.157804e+02 -7.619606e-01 3.124441e-01 5.739912e-01 4.844360e-04 8.188613e-01 -4.647121e-03 9.999856e-01 2.665870e-03 -8.188482e-01 -5.335533e-03 5.739853e-01 1.186876e+02 3.253702e-05 3.301178e-01 9.999969e-01 -3.014106e-07 2.494152e-03 3.014071e-07 1.000000e+00 1.783844e-09 -2.494152e-03 -1.032083e-09 9.999969e-01
4.800000e+00 1.199384e+02 7.665362e-01 3.113453e-01 -6.608763e-01 2.217344e-03 -7.504916e-01 6.386819e-04 9.999969e-01 2.392095e-03 7.504946e-01 1.101554e-03 -6.608757e-01 1.199384e+02 -7.664704e-01 3.113453e-01 -6.608035e-01 -2.217948e-03 -7.505556e-01 -6.388475e-04 9.999969e-01 -2.392612e-03 7.505586e-01 -1.101556e-03 -6.608029e-01 1.170307e+02 7.620243e-01 3.124441e-01 1.241117e-01 -4.850389e-04 -9.922681e-01 -5.234089e-03 9.999856e-01 -1.143485e-03 9.922544e-01 5.335540e-03 1.241074e-01 1.170307e+02 -7.619602e-01 3.124441e-01 1.242625e-01 4.844354e-04 -9.922493e-01 5.233993e-03 9.999856e-01 1.143682e-03 9.922356e-01 -5.335542e-03 1.242582e-01 1.199380e+02 3.291326e-05 3.301179e-01 9.999969e-01 -3.017861e-07 2.494096e-03 3.017824e-07 1.000000e+00 1.879559e-09 -2.494096e-03 -1.126879e-09 9.999969e-01
4.850000e+00 1.211888e+02 7.665366e-01 3.113453e-01 -1.218171e-02 2.217354e-03 9.999233e-01 1.128454e-03 9.999969e-01 -2.203770e-03 -9.999252e-01 1.101522e-03 -1.218418e-02 1.211888e+02 -7.664700e-01 3.113453e-01 -1.227862e-02 -2.217958e-03 9.999222e-01 -1.128676e-03 9.999969e-01 2.204264e-03 -9.999240e-01 -1.101523e-03 -1.228109e-02 1.182810e+02 7.620247e-01 3.124441e-01 -7.580880e-01 -4.850388e-04 6.521520e-01 3.111893e-03 9.999856e-01 4.361132e-03 -6.521448e-01 5.335550e-03 -7.580757e-01 1.182810e+02 -7.619599e-01 3.124441e-01 -7.581872e-01 4.844348e-04 6.520368e-01 -3.111689e-03 9.999856e-01 -4.361212e-03 -6.520296e-01 -5.335551e-03 -7.581748e-01 1.211883e+02 3.328951e-05 3.301180e-01 9.999969e-01 -3.020000e-07 2.494041e-03 3.019970e-07 1.000000e+00 1.603356e-09 -2.494041e-03 -8.501586e-10 9.999969e-01
4.900000e+00 1.224391e+02 7.665369e-01 3.113453e-01 6.789540e-01 2.217364e-03 -7.341775e-01 -2.314184e-03 9.999969e-01 8.800768e-04 7.341772e-01 1.101490e-03 6.789570e-01 1.224391e+02 -7.664696e-01 3.113453e-01 6.790251e-01 -2.217968e-03 -7.341117e-01 2.314680e-03 9.999969e-01 -8.802959e-04 7.341114e-01 -1.101491e-03 6.790282e-01 1.195314e+02 7.620251e-01 3.124441e-01 9.996745e-01 -4.850385e-04 2.550877e-02 6.209774e-04 9.999856e-01 -5.321451e-03 -2.550583e-02 5.335560e-03 9.996604e-01 1.195314e+02 -7.619595e-01 3.124441e-01 9.996706e-01 4.844344e-04 2.566067e-02 -6.211820e-04 9.999856e-01 5.321373e-03 -2.565772e-02 -5.335560e-03 9.996565e-01 1.224386e+02 3.366577e-05 3.301181e-01 9.999969e-01 -3.020524e-07 2.493987e-03 3.020509e-07 1.000000e+00 9.552357e-10 -2.493987e-03 -2.019216e-10 9.999969e-01
