2.500000e+00 6.241000e+01 7.665033e-01 3.613434e-01 -9.999472e-01 2.216778e-03 -1.003686e-02 2.205582e-03 9.999969e-01 1.126468e-03 1.003933e-02 1.104272e-03 -9.999490e-01 6.241000e+01 -7.665031e-01 3.613434e-01 -9.999468e-01 -2.216780e-03 -1.006945e-02 -2.205547e-03 9.999969e-01 -1.126546e-03 1.007192e-02 -1.104277e-03 -9.999487e-01 5.950229e+01 7.619922e-01 3.624457e-01 -6.777720e-01 -4.847847e-04 -7.352720e-01 -4.250928e-03 9.999857e-01 3.259178e-03 7.352598e-01 5.334568e-03 -6.777644e-01 5.950229e+01 -7.619921e-01 3.624457e-01 -6.775811e-01 4.847696e-04 -7.354479e-01 4.251771e-03 9.999857e-01 -3.258092e-03 7.354358e-01 -5.334578e-03 -6.775734e-01 6.240953e+01 8.981558e-08 3.801086e-01 9.999969e-01 -1.024939e-08 2.499024e-03 1.023577e-08 1.000000e+00 5.464834e-09 -2.499024e-03 -5.439237e-09 9.999969e-01
2.510000e+00 6.266014e+01 7.665033e-01 3.613434e-01 -7.070965e-01 2.216785e-03 -7.071136e-01 7.866481e-04 9.999969e-01 2.348338e-03 7.071166e-01 1.104252e-03 -7.070961e-01 6.266014e+01 -7.665031e-01 3.613434e-01 -7.070734e-01 -2.216786e-03 -7.071366e-01 -7.865685e-04 9.999969e-01 -2.348369e-03 7.071397e-01 -1.104258e-03 -7.070730e-01 5.975243e+01 7.619922e-01 3.624457e-01 3.098704e-02 -4.847837e-04 -9.995197e-01 -5.316995e-03 9.999857e-01 -6.498468e-04 9.995056e-01 5.334578e-03 3.098402e-02 5.975243e+01 -7.619921e-01 3.624457e-01 3.124654e-02 4.847694e-04 -9.995116e-01 5.316837e-03 9.999857e-01 6.512133e-04 9.994976e-01 -5.334589e-03 3.124351e-02 6.265967e+01 9.163497e-08 3.801086e-01 9.999969e-01 -9.816215e-09 2.499006e-03 9.801600e-09 1.000000e+00 5.860813e-09 -2.499006e-03 -5.836300e-09 9.999969e-01
2.520000e+00 6.291028e+01 7.665033e-01 3.613434e-01 -1.001364e-02 2.216781e-03 -9.999474e-01 -1.082013e-03 9.999969e-01 2.227727e-03 9.999493e-01 1.104264e-03 -1.001121e-02 6.291028e+01 -7.665031e-01 3.613434e-01 -9.981053e-03 -2.216782e-03 -9.999477e-01 1.082092e-03 9.999969e-01 -2.227692e-03 9.999496e-01 -1.104270e-03 -9.978623e-03 6.000257e+01 7.619922e-01 3.624457e-01 7.220166e-01 -4.847827e-04 -6.918755e-01 -3.340855e-03 9.999857e-01 -4.187067e-03 6.918676e-01 5.334588e-03 7.220047e-01 6.000257e+01 -7.619921e-01 3.624457e-01 7.221962e-01 4.847693e-04 -6.916880e-01 3.339786e-03 9.999857e-01 4.187933e-03 6.916801e-01 -5.334599e-03 7.221843e-01 6.290981e+01 9.334572e-08 3.801086e-01 9.999969e-01 -9.380500e-09 2.498988e-03 9.364882e-09 1.000000e+00 6.261338e-09 -2.498988e-03 -6.237916e-09 9.999969e-01
2.530000e+00 6.316041e+01 7.665033e-01 3.613435e-01 6.927930e-01 2.216777e-03 -7.211331e-01 -2.332106e-03 9.999969e-01 8.335549e-04 7.211328e-01 1.104278e-03 6.927960e-01 6.316041e+01 -7.665031e-01 3.613435e-01 6.928165e-01 -2.216777e-03 -7.211105e-01 2.332138e-03 9.999969e-01 -8.334734e-04 7.211102e-01 -1.104285e-03 6.928195e-01 6.025270e+01 7.619922e-01 3.624457e-01 9.999322e-01 -4.847817e-04 1.163690e-02 5.468202e-04 9.999857e-01 -5.328595e-03 -1.163415e-02 5.334597e-03 9.999181e-01 6.025270e+01 -7.619921e-01 3.624457e-01 9.999291e-01 4.847691e-04 1.189650e-02 -5.481911e-04 9.999857e-01 5.328465e-03 -1.189375e-02 -5.334609e-03 9.999150e-01 6.315994e+01 9.493210e-08 3.801086e-01 9.999969e-01 -8.943480e-09 2.498965e-03 8.926690e-09 1.000000e+00 6.729913e-09 -2.498965e-03 -6.707585e-09 9.999969e-01
2.540000e+00 6.341055e+01 7.665033e-01 3.613435e-01 9.995455e-01 2.216774e-03 -3.006447e-02 -2.248971e-03 9.999969e-01 -1.037145e-03 3.006208e-02 1.104287e-03 9.995474e-01 6.341055e+01 -7.665031e-01 3.613435e-01 9.995465e-01 -2.216773e-03 -3.003190e-02 2.248936e-03 9.999969e-01 1.037227e-03 3.002951e-02 -1.104296e-03 9.995484e-01 6.050284e+01 7.619922e-01 3.624457e-01 7.057205e-01 -4.847808e-04 7.084902e-01 4.121632e-03 9.999857e-01 -3.421284e-03 -7.084783e-01 5.334606e-03 7.057124e-01 6.050284e+01 -7.619921e-01 3.624457e-01 7.055366e-01 4.847691e-04 7.086734e-01 -4.122520e-03 9.999857e-01 3.420231e-03 -7.086615e-01 -5.334619e-03 7.055284e-01 6.341008e+01 9.641098e-08 3.801087e-01 9.999969e-01 -8.506682e-09 2.498937e-03 8.488664e-09 1.000000e+00 7.220759e-09 -2.498937e-03 -7.199524e-09 9.999969e-01
2.550000e+00 6.366069e+01 7.665033e-01 3.613436e-01 7.348828e-01 2.216773e-03 6.781905e-01 -8.801483e-04 9.999969e-01 -2.314926e-03 -6.781936e-01 1.104291e-03 7.348825e-01 6.366069e+01 -7.665031e-01 3.613436e-01 7.348607e-01 -2.216771e-03 6.782144e-01 8.800650e-04 9.999969e-01 2.314960e-03 -6.782175e-01 -1.104301e-03 7.348604e-01 6.075298e+01 7.619922e-01 3.624456e-01 7.721900e-03 -4.847799e-04 9.999701e-01 5.338199e-03 9.999857e-01 4.435652e-04 -9.999559e-01 5.334614e-03 7.724377e-03 6.075298e+01 -7.619921e-01 3.624456e-01 7.462300e-03 4.847691e-04 9.999720e-01 -5.338098e-03 9.999857e-01 -4.449401e-04 -9.999579e-01 -5.334628e-03 7.464781e-03 6.366021e+01 9.778987e-08 3.801087e-01 9.999969e-01 -8.070870e-09 2.498906e-03 8.051618e-09 1.000000e+00 7.714093e-09 -2.498906e-03 -7.693948e-09 9.999969e-01
2.560000e+00 6.391082e+01 7.665033e-01 3.613436e-01 5.010759e-02 2.216774e-03 9.987414e-01 9.918265e-04 9.999969e-01 -2.269322e-03 -9.987433e-01 1.104288e-03 5.010524e-02 6.391082e+01 -7.665031e-01 3.613436e-01 5.007506e-02 -2.216772e-03 9.987430e-01 -9.919111e-04 9.999969e-01 2.269287e-03 -9.987450e-01 -1.104299e-03 5.007270e-02 6.100311e+01 7.619922e-01 3.624456e-01 -6.946937e-01 -4.847790e-04 7.193055e-01 3.500456e-03 9.999857e-01 4.054630e-03 -7.192971e-01 5.334623e-03 -6.946821e-01 6.100311e+01 -7.619921e-01 3.624456e-01 -6.948805e-01 4.847690e-04 7.191251e-01 -3.499421e-03 9.999857e-01 -4.055541e-03 -7.191168e-01 -5.334638e-03 -6.948688e-01 6.391035e+01 9.907165e-08 3.801088e-01 9.999969e-01 -7.636122e-09 2.498871e-03 7.615656e-09 1.000000e+00 8.199492e-09 -2.498871e-03 -8.180436e-09 9.999969e-01
2.570000e+00 6.416096e+01 7.665033e-01 3.613436e-01 -6.633120e-01 2.216777e-03 7.483397e-01 2.296799e-03 9.999969e-01 -9.264181e-04 -7.483395e-01 1.104282e-03 -6.633150e-01 6.416096e+01 -7.665031e-01 3.613436e-01 -6.633364e-01 -2.216773e-03 7.483181e-01 -2.296836e-03 9.999969e-01 9.263335e-04 -7.483178e-01 -1.104293e-03 -6.633394e-01 6.125325e+01 7.619922e-01 3.624456e-01 -9.996330e-01 -4.847782e-04 2.708382e-02 -3.401112e-04 9.999857e-01 5.345806e-03 -2.708602e-02 5.334633e-03 -9.996189e-01 6.125325e+01 -7.619921e-01 3.624456e-01 -9.996400e-01 4.847690e-04 2.682431e-02 3.414894e-04 9.999857e-01 -5.345732e-03 -2.682652e-02 -5.334648e-03 -9.996259e-01 6.416048e+01 1.002711e-07 3.801088e-01 9.999969e-01 -7.202831e-09 2.498835e-03 7.181306e-09 1.000000e+00 8.623313e-09 -2.498835e-03 -8.605341e-09 9.999969e-01
2.580000e+00 6.441109e+01 7.665033e-01 3.613437e-01 -9.975351e-01 2.216780e-03 7.013475e-02 2.288768e-03 9.999969e-01 9.460810e-04 -7.013243e-02 1.104271e-03 -9.975371e-01 6.441109e+01 -7.665031e-01 3.613437e-01 -9.975373e-01 -2.216776e-03 7.010225e-02 -2.288734e-03 9.999969e-01 -9.461676e-04 -7.009994e-02 -1.104283e-03 -9.975394e-01 6.150338e+01 7.619922e-01 3.624456e-01 -7.326241e-01 -4.847773e-04 -6.806333e-01 -3.986091e-03 9.999857e-01 3.578337e-03 6.806218e-01 5.334642e-03 -7.326155e-01 6.150338e+01 -7.619921e-01 3.624456e-01 -7.324474e-01 4.847689e-04 -6.808235e-01 3.987024e-03 9.999857e-01 -3.577320e-03 6.808120e-01 -5.334658e-03 -7.324388e-01 6.441062e+01 1.013904e-07 3.801089e-01 9.999969e-01 -6.771062e-09 2.498798e-03 6.748649e-09 1.000000e+00 8.977983e-09 -2.498798e-03 -8.961092e-09 9.999969e-01
2.590000e+00 6.466122e+01 7.665033e-01 3.613437e-01 -7.614981e-01 2.216785e-03 -6.481633e-01 9.723372e-04 9.999969e-01 2.277736e-03 6.481664e-01 1.104258e-03 -7.614979e-01 6.466122e+01 -7.665031e-01 3.613437e-01 -7.614770e-01 -2.216780e-03 -6.481881e-01 -9.722517e-04 9.999969e-01 -2.277774e-03 6.481912e-01 -1.104270e-03 -7.614768e-01 6.175351e+01 7.619922e-01 3.624456e-01 -4.643971e-02 -4.847764e-04 -9.989210e-01 -5.351410e-03 9.999857e-01 -2.365067e-04 9.989068e-01 5.334652e-03 -4.644164e-02 6.175351e+01 -7.619921e-01 3.624456e-01 -4.618039e-02 4.847688e-04 -9.989330e-01 5.351364e-03 9.999857e-01 2.378876e-04 9.989188e-01 -5.334668e-03 -4.618232e-02 6.466075e+01 1.024291e-07 3.801089e-01 9.999969e-01 -6.342432e-09 2.498761e-03 6.319283e-09 1.000000e+00 9.271852e-09 -2.498761e-03 -9.256033e-09 9.999969e-01
2.600000e+00 6.491136e+01 7.665033e-01 3.613437e-01 -9.013784e-02 2.216789e-03 -9.959268e-01 -8.999350e-04 9.999969e-01 2.307299e-03 9.959289e-01 1.104244e-03 -9.013557e-02 6.491136e+01 -7.665031e-01 3.613437e-01 -9.010541e-02 -2.216784e-03 -9.959298e-01 9.000232e-04 9.999969e-01 -2.307265e-03 9.959318e-01 -1.104257e-03 -9.010313e-02 6.200365e+01 7.619922e-01 3.624456e-01 6.663148e-01 -4.847755e-04 -7.456704e-01 -3.654891e-03 9.999857e-01 -3.916042e-03 7.456616e-01 5.334661e-03 6.663035e-01 6.200365e+01 -7.619921e-01 3.624456e-01 6.665083e-01 4.847688e-04 -7.454974e-01 3.653892e-03 9.999857e-01 3.916997e-03 7.454886e-01 -5.334678e-03 6.664970e-01 6.491089e+01 1.033868e-07 3.801090e-01 9.999969e-01 -5.918182e-09 2.498725e-03 5.894434e-09 1.000000e+00 9.511340e-09 -2.498725e-03 -9.496582e-09 9.999969e-01
2.610000e+00 6.516149e+01 7.665033e-01 3.613437e-01 6.327504e-01 2.216794e-03 -7.743526e-01 -2.257747e-03 9.999969e-01 1.017878e-03 7.743525e-01 1.104229e-03 6.327535e-01 6.516149e+01 -7.665031e-01 3.613437e-01 6.327757e-01 -2.216789e-03 -7.743320e-01 2.257787e-03 9.999969e-01 -1.017792e-03 7.743319e-01 -1.104242e-03 6.327787e-01 6.225378e+01 7.619922e-01 3.624456e-01 9.978339e-01 -4.847747e-04 -6.578166e-02 1.327943e-04 9.999857e-01 -5.355005e-03 6.578331e-02 5.334670e-03 9.978197e-01 6.225378e+01 -7.619921e-01 3.624456e-01 9.978510e-01 4.847687e-04 -6.552263e-02 -1.341773e-04 9.999857e-01 5.354987e-03 6.552428e-02 -5.334687e-03 9.978367e-01 6.516102e+01 1.042636e-07 3.801090e-01 9.999969e-01 -5.498314e-09 2.498690e-03 5.474103e-09 1.000000e+00 9.696447e-09 -2.498690e-03 -9.682738e-09 9.999969e-01
2.620000e+00 6.541162e+01 7.665033e-01 3.613438e-01 9.939171e-01 2.216800e-03 -1.101088e-01 -2.324903e-03 9.999969e-01 -8.534123e-04 1.101066e-01 1.104213e-03 9.939192e-01 6.541162e+01 -7.665031e-01 3.613438e-01 9.939206e-01 -2.216793e-03 -1.100765e-01 2.324871e-03 9.999969e-01 8.535017e-04 1.100742e-01 -1.104227e-03 9.939228e-01 6.250391e+01 7.619923e-01 3.624455e-01 7.584392e-01 -4.847739e-04 6.517437e-01 3.844510e-03 9.999857e-01 -3.730087e-03 -6.517325e-01 5.334679e-03 7.584301e-01 6.250391e+01 -7.619921e-01 3.624456e-01 7.582699e-01 4.847687e-04 6.519405e-01 -3.845486e-03 9.999857e-01 3.729105e-03 -6.519294e-01 -5.334696e-03 7.582609e-01 6.541115e+01 1.050595e-07 3.801091e-01 9.999969e-01 -5.082828e-09 2.498655e-03 5.058289e-09 1.000000e+00 9.827172e-09 -2.498655e-03 -9.814503e-09 9.999969e-01
2.630000e+00 6.566176e+01 7.665033e-01 3.613438e-01 7.868978e-01 2.216805e-03 6.170794e-01 -1.063022e-03 9.999969e-01 -2.236841e-03 -6.170824e-01 1.104197e-03 7.868978e-01 6.566176e+01 -7.665031e-01 3.613438e-01 7.868777e-01 -2.216799e-03 6.171050e-01 1.062936e-03 9.999969e-01 2.236882e-03 -6.171080e-01 -1.104210e-03 7.868777e-01 6.275405e+01 7.619923e-01 3.624455e-01 8.510231e-02 -4.847731e-04 9.963721e-01 5.356590e-03 9.999857e-01 2.901321e-05 -9.963578e-01 5.334688e-03 8.510369e-02 6.275405e+01 -7.619921e-01 3.624456e-01 8.484367e-02 4.847686e-04 9.963942e-01 -5.356599e-03 9.999857e-01 -3.039779e-05 -9.963799e-01 -5.334705e-03 8.484505e-02 6.566128e+01 1.057745e-07 3.801092e-01 9.999969e-01 -4.671723e-09 2.498622e-03 4.646992e-09 1.000000e+00 9.903517e-09 -2.498622e-03 -9.891875e-09 9.999969e-01
2.640000e+00 6.591189e+01 7.665033e-01 3.613438e-01 1.300397e-01 2.216811e-03 9.915063e-01 8.065314e-04 9.999969e-01 -2.341574e-03 -9.915085e-01 1.104179e-03 1.300375e-01 6.591189e+01 -7.665031e-01 3.613438e-01 1.300074e-01 -2.216804e-03 9.915105e-01 -8.066217e-04 9.999969e-01 2.341542e-03 -9.915127e-01 -1.104192e-03 1.300052e-01 6.300418e+01 7.619923e-01 3.624455e-01 -6.369253e-01 -4.847723e-04 7.709254e-01 3.803894e-03 9.999857e-01 3.771522e-03 -7.709162e-01 5.334696e-03 -6.369143e-01 6.300418e+01 -7.619921e-01 3.624455e-01 -6.371254e-01 4.847686e-04 7.707600e-01 -3.802931e-03 9.999857e-01 -3.772517e-03 -7.707508e-01 -5.334713e-03 -6.371144e-01 6.591142e+01 1.064086e-07 3.801092e-01 9.999969e-01 -4.265000e-09 2.498589e-03 4.240213e-09 1.000000e+00 9.925481e-09 -2.498589e-03 -9.914855e-09 9.999969e-01
2.650000e+00 6.616202e+01 7.665033e-01 3.613438e-01 -6.011562e-01 2.216817e-03 7.991285e-01 2.215026e-03 9.999969e-01 -1.107750e-03 -7.991285e-01 1.104160e-03 -6.011593e-01 6.616202e+01 -7.665031e-01 3.613438e-01 -6.011822e-01 -2.216810e-03 7.991089e-01 -2.215068e-03 9.999969e-01 1.107663e-03 -7.991089e-01 -1.104173e-03 -6.011853e-01 6.325431e+01 7.619923e-01 3.624455e-01 -9.945359e-01 -4.847716e-04 1.043944e-01 7.479741e-05 9.999857e-01 5.356162e-03 -1.043955e-01 5.334704e-03 -9.945216e-01 6.325431e+01 -7.619921e-01 3.624455e-01 -9.945629e-01 4.847686e-04 1.041362e-01 -7.341180e-05 9.999857e-01 -5.356198e-03 -1.041373e-01 -5.334721e-03 -9.945486e-01 6.616155e+01 1.069617e-07 3.801093e-01 9.999969e-01 -3.862658e-09 2.498556e-03 3.837952e-09 1.000000e+00 9.893063e-09 -2.498556e-03 -9.883443e-09 9.999969e-01
2.660000e+00 6.641215e+01 7.665033e-01 3.613438e-01 -9.886953e-01 2.216824e-03 1.499223e-01 2.357304e-03 9.999969e-01 7.593111e-04 -1.499201e-01 1.104140e-03 -9.886975e-01 6.641215e+01 -7.665031e-01 3.613438e-01 -9.887002e-01 -2.216816e-03 1.498901e-01 -2.357273e-03 9.999969e-01 -7.594018e-04 -1.498880e-01 -1.104153e-03 -9.887024e-01 6.350444e+01 7.619923e-01 3.624455e-01 -7.831243e-01 -4.847709e-04 -6.218651e-01 -3.697102e-03 9.999857e-01 3.876285e-03 6.218543e-01 5.334711e-03 -7.831148e-01 6.350444e+01 -7.619921e-01 3.624455e-01 -7.829628e-01 4.847686e-04 -6.220683e-01 3.698117e-03 9.999857e-01 -3.875340e-03 6.220575e-01 -5.334728e-03 -7.829534e-01 6.641168e+01 1.074338e-07 3.801094e-01 9.999969e-01 -3.464791e-09 2.498525e-03 3.440297e-09 1.000000e+00 9.807742e-09 -2.498525e-03 -9.799116e-09 9.999969e-01
2.670000e+00 6.666228e+01 7.665033e-01 3.613438e-01 -8.110394e-01 2.216831e-03 -5.849873e-01 1.152041e-03 9.999969e-01 2.192309e-03 5.849904e-01 1.104120e-03 -8.110395e-01 6.666228e+01 -7.665031e-01 3.613438e-01 -8.110204e-01 -2.216822e-03 -5.850137e-01 -1.151955e-03 9.999969e-01 -2.192352e-03 5.850168e-01 -1.104132e-03 -8.110204e-01 6.375457e+01 7.619923e-01 3.624455e-01 -1.236509e-01 -4.847702e-04 -9.923257e-01 -5.353721e-03 9.999857e-01 1.785999e-04 9.923113e-01 5.334719e-03 -1.236517e-01 6.375457e+01 -7.619921e-01 3.624455e-01 -1.233933e-01 4.847687e-04 -9.923577e-01 5.353784e-03 9.999857e-01 -1.772138e-04 9.923434e-01 -5.334736e-03 -1.233941e-01 6.666181e+01 1.078213e-07 3.801094e-01 9.999969e-01 -3.074154e-09 2.498494e-03 3.049895e-09 1.000000e+00 9.713227e-09 -2.498494e-03 -9.705577e-09 9.999969e-01
2.680000e+00 6.691242e+01 7.665033e-01 3.613438e-01 -1.697485e-01 2.216837e-03 -9.854849e-01 -7.117737e-04 9.999969e-01 2.372084e-03 9.854872e-01 1.104100e-03 -1.697464e-01 6.691242e+01 -7.665031e-01 3.613438e-01 -1.697164e-01 -2.216828e-03 -9.854904e-01 7.118649e-04 9.999969e-01 -2.372054e-03 9.854927e-01 -1.104113e-03 -1.697143e-01 6.400471e+01 7.619923e-01 3.624455e-01 6.065679e-01 -4.847696e-04 -7.950315e-01 -3.947235e-03 9.999857e-01 -3.621276e-03 7.950219e-01 5.334726e-03 6.065573e-01 6.400471e+01 -7.619921e-01 3.624455e-01 6.067743e-01 4.847687e-04 -7.948741e-01 3.946308e-03 9.999857e-01 3.622310e-03 7.948644e-01 -5.334742e-03 6.067636e-01 6.691194e+01 1.081225e-07 3.801095e-01 9.999969e-01 -2.692026e-09 2.498464e-03 2.667974e-09 1.000000e+00 9.629839e-09 -2.498464e-03 -9.623144e-09 9.999969e-01
2.690000e+00 6.716255e+01 7.665033e-01 3.613438e-01 5.685791e-01 2.216844e-03 -8.226256e-01 -2.168703e-03 9.999969e-01 1.195875e-03 8.226257e-01 1.104081e-03 5.685822e-01 6.716255e+01 -7.665031e-01 3.613438e-01 5.686059e-01 -2.216834e-03 -8.226071e-01 2.168747e-03 9.999969e-01 -1.195790e-03 8.226072e-01 -1.104093e-03 5.686090e-01 6.425484e+01 7.619923e-01 3.624455e-01 9.897420e-01 -4.847689e-04 -1.428656e-01 -2.823603e-04 9.999857e-01 -5.349266e-03 1.428661e-01 5.334733e-03 9.897276e-01 6.425484e+01 -7.619921e-01 3.624455e-01 9.897790e-01 4.847687e-04 -1.426086e-01 2.809743e-04 9.999857e-01 5.349355e-03 1.426092e-01 -5.334749e-03 9.897647e-01 6.716207e+01 1.083374e-07 3.801095e-01 9.999969e-01 -2.318408e-09 2.498435e-03 2.294537e-09 1.000000e+00 9.557578e-09 -2.498435e-03 -9.551816e-09 9.999969e-01
2.700000e+00 6.741268e+01 7.665033e-01 3.613438e-01 9.818762e-01 2.216850e-03 -1.895103e-01 -2.385908e-03 9.999969e-01 -6.639408e-04 1.895082e-01 1.104062e-03 9.818785e-01 6.741268e+01 -7.665031e-01 3.613439e-01 9.818824e-01 -2.216840e-03 -1.894783e-01 2.385879e-03 9.999969e-01 6.640326e-04 1.894763e-01 -1.104074e-03 9.818847e-01 6.450497e+01 7.619923e-01 3.624455e-01 8.066428e-01 -4.847683e-04 5.910390e-01 3.544069e-03 9.999857e-01 -4.016717e-03 -5.910286e-01 5.334739e-03 8.066330e-01 6.450497e+01 -7.619921e-01 3.624455e-01 8.064894e-01 4.847688e-04 5.912483e-01 -3.545121e-03 9.999857e-01 4.015810e-03 -5.912379e-01 -5.334755e-03 8.064796e-01 6.741220e+01 1.084659e-07 3.801096e-01 9.999969e-01 -1.953301e-09 2.498407e-03 1.929581e-09 1.000000e+00 9.496444e-09 -2.498407e-03 -9.491593e-09 9.999969e-01
2.710000e+00 6.766281e+01 7.665033e-01 3.613439e-01 8.338821e-01 2.216856e-03 5.519381e-01 -1.239233e-03 9.999969e-01 -2.144216e-03 -5.519412e-01 1.104043e-03 8.338823e-01 6.766281e+01 -7.665031e-01 3.613439e-01 8.338642e-01 -2.216846e-03 5.519653e-01 1.239148e-03 9.999969e-01 2.144261e-03 -5.519683e-01 -1.104056e-03 8.338643e-01 6.475510e+01 7.619923e-01 3.624455e-01 1.620312e-01 -4.847678e-04 9.867855e-01 5.342797e-03 9.999857e-01 -3.860402e-04 -9.867712e-01 5.334745e-03 1.620314e-01 6.475510e+01 -7.619921e-01 3.624455e-01 1.617750e-01 4.847688e-04 9.868275e-01 -5.342913e-03 9.999857e-01 3.846549e-04 -9.868132e-01 -5.334761e-03 1.617753e-01 6.766234e+01 1.085082e-07 3.801097e-01 9.999969e-01 -1.596703e-09 2.498379e-03 1.573107e-09 1.000000e+00 9.446436e-09 -2.498379e-03 -9.442476e-09 9.999969e-01
2.720000e+00 6.791294e+01 7.665033e-01 3.613439e-01 2.091996e-01 2.216862e-03 9.778705e-01 6.158317e-04 9.999969e-01 -2.398770e-03 -9.778728e-01 1.104025e-03 2.091976e-01 6.791294e+01 -7.665031e-01 3.613439e-01 2.091678e-01 -2.216851e-03 9.778773e-01 -6.159241e-04 9.999969e-01 2.398743e-03 -9.778796e-01 -1.104038e-03 2.091658e-01 6.500523e+01 7.619923e-01 3.624455e-01 -5.752840e-01 -4.847672e-04 8.179536e-01 4.084705e-03 9.999857e-01 3.465509e-03 -8.179436e-01 5.334751e-03 -5.752737e-01 6.500523e+01 -7.619921e-01 3.624455e-01 -5.754963e-01 4.847689e-04 8.178043e-01 -4.083817e-03 9.999857e-01 -3.466579e-03 -8.177942e-01 -5.334767e-03 -5.754860e-01 6.791246e+01 1.084642e-07 3.801097e-01 9.999969e-01 -1.248616e-09 2.498352e-03 1.225116e-09 1.000000e+00 9.407555e-09 -2.498352e-03 -9.404465e-09 9.999969e-01
2.730000e+00 6.816307e+01 7.665033e-01 3.613439e-01 -5.350709e-01 2.216868e-03 8.448042e-01 2.118859e-03 9.999969e-01 -1.282097e-03 -8.448045e-01 1.104008e-03 -5.350740e-01 6.816307e+01 -7.665031e-01 3.613439e-01 -5.350984e-01 -2.216857e-03 8.447868e-01 -2.118905e-03 9.999969e-01 1.282012e-03 -8.447871e-01 -1.104020e-03 -5.351015e-01 6.525536e+01 7.619923e-01 3.624455e-01 -9.834571e-01 -4.847667e-04 1.811405e-01 4.896003e-04 9.999857e-01 5.334315e-03 -1.811405e-01 5.334756e-03 -9.834428e-01 6.525536e+01 -7.619921e-01 3.624455e-01 -9.835041e-01 4.847689e-04 1.808853e-01 -4.882164e-04 9.999857e-01 -5.334457e-03 -1.808853e-01 -5.334772e-03 -9.834897e-01 6.816259e+01 1.083339e-07 3.801098e-01 9.999969e-01 -9.090381e-10 2.498326e-03 8.856071e-10 1.000000e+00 9.379800e-09 -2.498326e-03 -9.377558e-09 9.999969e-01
2.740000e+00 6.841320e+01 7.665033e-01 3.613439e-01 -9.734690e-01 2.216873e-03 2.288084e-01 2.410665e-03 9.999969e-01 5.674655e-04 -2.288064e-01 1.103990e-03 -9.734713e-01 6.841320e+01 -7.665031e-01 3.613439e-01 -9.734764e-01 -2.216862e-03 2.287767e-01 -2.410638e-03 9.999969e-01 -5.675587e-04 -2.287747e-01 -1.104003e-03 -9.734788e-01 6.550549e+01 7.619923e-01 3.624455e-01 -8.289593e-01 -4.847662e-04 -5.593087e-01 -3.385625e-03 9.999857e-01 4.151171e-03 5.592986e-01 5.334761e-03 -8.289491e-01 6.550549e+01 -7.619921e-01 3.624455e-01 -8.288142e-01 4.847690e-04 -5.595238e-01 3.386713e-03 9.999857e-01 -4.150304e-03 5.595137e-01 -5.334777e-03 -8.288039e-01 6.841272e+01 1.081188e-07 3.801098e-01 9.999969e-01 -5.779297e-10 2.498301e-03 5.545414e-10 1.000000e+00 9.362356e-09 -2.498301e-03 -9.360941e-09 9.999969e-01
2.750000e+00 6.866332e+01 7.665033e-01 3.613439e-01 -8.553873e-01 2.216879e-03 -5.179841e-01 1.324450e-03 9.999969e-01 2.092640e-03 5.179872e-01 1.103973e-03 -8.553877e-01 6.866332e+01 -7.665031e-01 3.613439e-01 -8.553705e-01 -2.216867e-03 -5.180120e-01 -1.324366e-03 9.999969e-01 -2.092688e-03 5.180150e-01 -1.103986e-03 -8.553708e-01 6.575561e+01 7.619923e-01 3.624455e-01 -2.001861e-01 -4.847657e-04 -9.797578e-01 -5.323822e-03 9.999857e-01 5.929999e-04 9.797434e-01 5.334766e-03 -2.001858e-01 6.575561e+01 -7.619921e-01 3.624455e-01 -1.999318e-01 4.847691e-04 -9.798097e-01 5.323992e-03 9.999857e-01 -5.916180e-04 9.797954e-01 -5.334782e-03 -1.999315e-01 6.866285e+01 1.078365e-07 3.801099e-01 9.999969e-01 -2.548191e-10 2.498276e-03 2.314714e-10 1.000000e+00 9.345823e-09 -2.498276e-03 -9.345216e-09 9.999969e-01
2.760000e+00 6.891345e+01 7.665033e-01 3.613439e-01 -2.483287e-01 2.216884e-03 -9.686733e-01 -5.188618e-04 9.999969e-01 2.421586e-03 9.686757e-01 1.103957e-03 -2.483268e-01 6.891345e+01 -7.665031e-01 3.613439e-01 -2.482972e-01 -2.216872e-03 -9.686814e-01 5.189557e-04 9.999969e-01 -2.421561e-03 9.686838e-01 -1.103969e-03 -2.482952e-01 6.600574e+01 7.619923e-01 3.624455e-01 5.431196e-01 -4.847653e-04 -8.396552e-01 -4.216087e-03 9.999857e-01 -3.304449e-03 8.396448e-01 5.334771e-03 5.431098e-01 6.600574e+01 -7.619921e-01 3.624455e-01 5.433375e-01 4.847691e-04 -8.395142e-01 4.215241e-03 9.999857e-01 3.305555e-03 8.395038e-01 -5.334787e-03 5.433277e-01 6.891298e+01 1.074921e-07 3.801099e-01 9.999969e-01 6.042744e-11 2.498251e-03 -8.373021e-11 1.000000e+00 9.327531e-09 -2.498251e-03 -9.327711e-09 9.999969e-01
2.770000e+00 6.916358e+01 7.665033e-01 3.613439e-01 5.006847e-01 2.216890e-03 -8.656269e-01 -2.065570e-03 9.999969e-01 1.366274e-03 8.656273e-01 1.103940e-03 5.006877e-01 6.916358e+01 -7.665031e-01 3.613439e-01 5.007128e-01 -2.216877e-03 -8.656106e-01 2.065619e-03 9.999969e-01 -1.366190e-03 8.656110e-01 -1.103953e-03 5.007159e-01 6.625587e+01 7.619923e-01 3.624455e-01 9.756889e-01 -4.847648e-04 -2.191597e-01 -6.961950e-04 9.999857e-01 -5.311322e-03 2.191591e-01 5.334776e-03 9.756745e-01 6.625587e+01 -7.619921e-01 3.624455e-01 9.757457e-01 4.847692e-04 -2.189064e-01 6.948157e-04 9.999857e-01 5.311519e-03 2.189059e-01 -5.334791e-03 9.757314e-01 6.916311e+01 1.070856e-07 3.801100e-01 9.999969e-01 3.678100e-10 2.498226e-03 -3.910634e-10 1.000000e+00 9.307480e-09 -2.498226e-03 -9.308428e-09 9.999969e-01
2.780000e+00 6.941371e+01 7.665033e-01 3.613439e-01 9.634852e-01 2.216895e-03 -2.677525e-01 -2.431529e-03 9.999969e-01 -4.700400e-04 2.677506e-01 1.103925e-03 9.634876e-01 6.941371e+01 -7.665031e-01 3.613439e-01 9.634939e-01 -2.216882e-03 -2.677211e-01 2.431505e-03 9.999969e-01 4.701347e-04 2.677193e-01 -1.103937e-03 9.634963e-01 6.650600e+01 7.619923e-01 3.624455e-01 8.500367e-01 -4.847644e-04 5.267232e-01 3.222015e-03 9.999857e-01 -4.279427e-03 -5.267135e-01 5.334780e-03 8.500261e-01 6.650600e+01 -7.619921e-01 3.624455e-01 8.499000e-01 4.847693e-04 5.269438e-01 -3.223138e-03 9.999857e-01 4.278602e-03 -5.269341e-01 -5.334796e-03 8.498894e-01 6.941324e+01 1.066170e-07 3.801100e-01 9.999969e-01 6.673285e-10 2.498202e-03 -6.905282e-10 1.000000e+00 9.285669e-09 -2.498202e-03 -9.287365e-09 9.999969e-01
2.790000e+00 6.966384e+01 7.665033e-01 3.613439e-01 8.755186e-01 2.216900e-03 4.831794e-01 -1.407552e-03 9.999969e-01 -2.037660e-03 -4.831824e-01 1.103909e-03 8.755190e-01 6.966384e+01 -7.665031e-01 3.613439e-01 8.755029e-01 -2.216887e-03 4.832078e-01 1.407469e-03 9.999969e-01 2.037711e-03 -4.832109e-01 -1.103922e-03 8.755033e-01 6.675613e+01 7.619923e-01 3.624455e-01 2.380540e-01 -4.847639e-04 9.712518e-01 5.296819e-03 9.999857e-01 -7.991463e-04 -9.712375e-01 5.334785e-03 2.380532e-01 6.675613e+01 -7.619921e-01 3.624455e-01 2.378020e-01 4.847693e-04 9.713135e-01 -5.297043e-03 9.999857e-01 7.977701e-04 -9.712992e-01 -5.334801e-03 2.378011e-01 6.966336e+01 1.060862e-07 3.801101e-01 9.999969e-01 9.589831e-10 2.498178e-03 -9.821245e-10 1.000000e+00 9.262098e-09 -2.498178e-03 -9.264523e-09 9.999969e-01
2.800000e+00 6.991396e+01 7.665033e-01 3.613439e-01 2.870719e-01 2.216905e-03 9.579065e-01 4.210198e-04 9.999969e-01 -2.440490e-03 -9.579089e-01 1.103894e-03 2.870701e-01 6.991396e+01 -7.665031e-01 3.613439e-01 2.870407e-01 -2.216892e-03 9.579158e-01 -4.211152e-04 9.999969e-01 2.440468e-03 -9.579183e-01 -1.103906e-03 2.870389e-01 6.700625e+01 7.619923e-01 3.624455e-01 -5.101255e-01 -4.847635e-04 8.600999e-01 4.341166e-03 9.999857e-01 3.138352e-03 -8.600891e-01 5.334790e-03 -5.101160e-01 6.700625e+01 -7.619921e-01 3.624455e-01 -5.103487e-01 4.847694e-04 8.599674e-01 -4.340362e-03 9.999857e-01 -3.139491e-03 -8.599566e-01 -5.334805e-03 -5.103392e-01 6.991349e+01 1.054932e-07 3.801101e-01 9.999969e-01 1.242774e-09 2.498153e-03 -1.265852e-09 1.000000e+00 9.236768e-09 -2.498153e-03 -9.239902e-09 9.999969e-01
2.810000e+00 7.016409e+01 7.665033e-01 3.613439e-01 -4.654752e-01 2.216910e-03 8.850582e-01 2.008920e-03 9.999969e-01 -1.448267e-03 -8.850587e-01 1.103879e-03 -4.654782e-01 7.016409e+01 -7.665031e-01 3.613439e-01 -4.655040e-01 -2.216897e-03 8.850430e-01 -2.008972e-03 9.999969e-01 1.448184e-03 -8.850435e-01 -1.103892e-03 -4.655070e-01 6.725638e+01 7.619923e-01 3.624455e-01 -9.664480e-01 -4.847631e-04 2.568620e-01 9.018147e-04 9.999857e-01 5.280318e-03 -2.568609e-01 5.334794e-03 -9.664337e-01 6.725638e+01 -7.619921e-01 3.624455e-01 -9.665146e-01 4.847694e-04 2.566112e-01 -9.004422e-04 9.999857e-01 -5.280568e-03 -2.566101e-01 -5.334810e-03 -9.665003e-01 7.016362e+01 1.048382e-07 3.801102e-01 9.999969e-01 1.518700e-09 2.498129e-03 -1.541712e-09 1.000000e+00 9.209679e-09 -2.498129e-03 -9.213502e-09 9.999969e-01
2.820000e+00 7.041422e+01 7.665033e-01 3.613439e-01 -9.519392e-01 2.216914e-03 3.062790e-01 2.448464e-03 9.999969e-01 3.718211e-04 -3.062773e-01 1.103864e-03 -9.519417e-01 7.041422e+01 -7.665031e-01 3.613439e-01 -9.519492e-01 -2.216901e-03 3.062481e-01 -2.448443e-03 9.999969e-01 -3.719169e-04 -3.062463e-01 -1.103877e-03 -9.519517e-01 6.750651e+01 7.619923e-01 3.624455e-01 -8.698406e-01 -4.847627e-04 -4.933326e-01 -3.053491e-03 9.999857e-01 4.401280e-03 4.933234e-01 5.334799e-03 -8.698296e-01 6.750651e+01 -7.619921e-01 3.624455e-01 -8.697126e-01 4.847694e-04 -4.935583e-01 3.054647e-03 9.999857e-01 -4.400498e-03 4.935491e-01 -5.334814e-03 -8.697016e-01 7.041374e+01 1.041210e-07 3.801102e-01 9.999969e-01 1.786763e-09 2.498106e-03 -1.809703e-09 1.000000e+00 9.180830e-09 -2.498106e-03 -9.185322e-09 9.999969e-01
2.830000e+00 7.066434e+01 7.665033e-01 3.613439e-01 -8.942416e-01 2.216919e-03 -4.475792e-01 1.488402e-03 9.999969e-01 1.979362e-03 4.475822e-01 1.103850e-03 -8.942421e-01 7.066434e+01 -7.665031e-01 3.613439e-01 -8.942270e-01 -2.216906e-03 -4.476082e-01 -1.488320e-03 9.999969e-01 -1.979416e-03 4.476113e-01 -1.103863e-03 -8.942276e-01 6.775663e+01 7.619923e-01 3.624455e-01 -2.755765e-01 -4.847623e-04 -9.612790e-01 -5.261823e-03 9.999857e-01 1.004161e-03 9.612647e-01 5.334803e-03 -2.755751e-01 6.775663e+01 -7.619921e-01 3.624455e-01 -2.753270e-01 4.847695e-04 -9.613505e-01 5.262100e-03 9.999857e-01 -1.002793e-03 9.613362e-01 -5.334819e-03 -2.753256e-01 7.066387e+01 1.033416e-07 3.801103e-01 9.999969e-01 2.046961e-09 2.498082e-03 -2.069826e-09 1.000000e+00 9.150221e-09 -2.498082e-03 -9.155363e-09 9.999969e-01
2.840000e+00 7.091447e+01 7.665033e-01 3.613439e-01 -3.253660e-01 2.216924e-03 -9.455856e-01 -3.224635e-04 9.999969e-01 2.455447e-03 9.455881e-01 1.103836e-03 -3.253643e-01 7.091447e+01 -7.665031e-01 3.613440e-01 -3.253353e-01 -2.216910e-03 -9.455961e-01 3.225598e-04 9.999969e-01 -2.455428e-03 9.455987e-01 -1.103849e-03 -3.253336e-01 6.800676e+01 7.619923e-01 3.624455e-01 4.763508e-01 -4.847620e-04 -8.792552e-01 -4.459745e-03 9.999857e-01 -2.967464e-03 8.792440e-01 5.334807e-03 4.763418e-01 6.800676e+01 -7.619921e-01 3.624455e-01 4.765790e-01 4.847695e-04 -8.791315e-01 4.458984e-03 9.999857e-01 2.968635e-03 8.791204e-01 -5.334823e-03 4.765700e-01 7.091400e+01 1.025001e-07 3.801103e-01 9.999969e-01 2.299296e-09 2.498058e-03 -2.322080e-09 1.000000e+00 9.117853e-09 -2.498058e-03 -9.123626e-09 9.999969e-01
2.850000e+00 7.116459e+01 7.665033e-01 3.613440e-01 4.294984e-01 2.216928e-03 -9.030649e-01 -1.948997e-03 9.999969e-01 1.527941e-03 9.030655e-01 1.103822e-03 4.295014e-01 7.116459e+01 -7.665031e-01 3.613440e-01 4.295278e-01 -2.216914e-03 -9.030509e-01 1.949052e-03 9.999969e-01 -1.527860e-03 9.030515e-01 -1.103835e-03 4.295308e-01 6.825688e+01 7.619923e-01 3.624455e-01 9.557467e-01 -4.847616e-04 -2.941904e-01 -1.106148e-03 9.999857e-01 -5.241340e-03 2.941887e-01 5.334812e-03 9.557325e-01 6.825688e+01 -7.619921e-01 3.624455e-01 9.558231e-01 4.847695e-04 -2.939423e-01 1.104784e-03 9.999857e-01 5.241644e-03 2.939406e-01 -5.334827e-03 9.558088e-01 7.116412e+01 1.015965e-07 3.801104e-01 9.999969e-01 2.543767e-09 2.498035e-03 -2.566466e-09 1.000000e+00 9.083726e-09 -2.498035e-03 -9.090109e-09 9.999969e-01
2.860000e+00 7.141472e+01 7.665033e-01 3.613440e-01 9.388479e-01 2.216932e-03 -3.443251e-01 -2.461437e-03 9.999969e-01 -2.729670e-04 3.443235e-01 1.103809e-03 9.388504e-01 7.141472e+01 -7.665031e-01 3.613440e-01 9.388591e-01 -2.216919e-03 -3.442946e-01 2.461420e-03 9.999969e-01 2.730637e-04 3.442929e-01 -1.103822e-03 9.388616e-01 6.850701e+01 7.619923e-01 3.624455e-01 8.883398e-01 -4.847613e-04 4.591863e-01 2.880302e-03 9.999857e-01 -4.516538e-03 -4.591776e-01 5.334816e-03 8.883285e-01 6.850701e+01 -7.619921e-01 3.624455e-01 8.882206e-01 4.847695e-04 4.594169e-01 -2.881489e-03 9.999857e-01 4.515800e-03 -4.594081e-01 -5.334831e-03 8.882093e-01 7.141425e+01 1.006333e-07 3.801104e-01 9.999969e-01 2.780168e-09 2.498012e-03 -2.802774e-09 1.000000e+00 9.046018e-09 -2.498012e-03 -9.052991e-09 9.999969e-01
2.870000e+00 7.166485e+01 7.665033e-01 3.613440e-01 9.115243e-01 2.216936e-03 4.112403e-01 -1.566868e-03 9.999969e-01 -1.917837e-03 -4.112432e-01 1.103796e-03 9.115250e-01 7.166485e+01 -7.665031e-01 3.613440e-01 9.115109e-01 -2.216923e-03 4.112699e-01 1.566788e-03 9.999969e-01 1.917894e-03 -4.112729e-01 -1.103809e-03 9.115116e-01 6.875713e+01 7.619923e-01 3.624454e-01 3.126967e-01 -4.847609e-04 9.498529e-01 5.218877e-03 9.999857e-01 -1.207736e-03 -9.498387e-01 5.334820e-03 3.126947e-01 6.875713e+01 -7.619921e-01 3.624455e-01 3.124501e-01 4.847695e-04 9.499340e-01 -5.219207e-03 9.999857e-01 1.206378e-03 -9.499198e-01 -5.334835e-03 3.124482e-01 7.166437e+01 9.963757e-08 3.801104e-01 9.999969e-01 3.006300e-09 2.497989e-03 -3.028754e-09 1.000000e+00 8.985184e-09 -2.497989e-03 -8.992722e-09 9.999969e-01
2.880000e+00 7.191497e+01 7.665033e-01 3.613440e-01 3.631485e-01 2.216941e-03 9.317287e-01 2.233514e-04 9.999969e-01 -2.466430e-03 -9.317313e-01 1.103783e-03 3.631468e-01 7.191497e+01 -7.665031e-01 3.613440e-01 3.631182e-01 -2.216927e-03 9.317405e-01 -2.234483e-04 9.999969e-01 2.466415e-03 -9.317431e-01 -1.103796e-03 3.631166e-01 6.900726e+01 7.619923e-01 3.624454e-01 -4.418452e-01 -4.847606e-04 8.970912e-01 4.571639e-03 9.999857e-01 2.792036e-03 -8.970797e-01 5.334825e-03 -4.418367e-01 6.900726e+01 -7.619921e-01 3.624454e-01 -4.420781e-01 4.847695e-04 8.969764e-01 -4.570924e-03 9.999857e-01 -2.793237e-03 -8.969649e-01 -5.334840e-03 -4.420695e-01 7.191450e+01 9.861676e-08 3.801105e-01 9.999969e-01 3.221565e-09 2.497966e-03 -3.243797e-09 1.000000e+00 8.895924e-09 -2.497966e-03 -8.903999e-09 9.999969e-01
2.890000e+00 7.216509e+01 7.665033e-01 3.613440e-01 -3.928120e-01 2.216945e-03 9.196161e-01 1.885894e-03 9.999969e-01 -1.605165e-03 -9.196169e-01 1.103770e-03 -3.928150e-01 7.216509e+01 -7.665031e-01 3.613440e-01 -3.928419e-01 -2.216931e-03 9.196034e-01 -1.885952e-03 9.999969e-01 1.605087e-03 -9.196041e-01 -1.103783e-03 -3.928448e-01 6.925738e+01 7.619923e-01 3.624454e-01 -9.435994e-01 -4.847603e-04 3.310890e-01 1.308890e-03 9.999857e-01 5.194439e-03 -3.310867e-01 5.334829e-03 -9.435852e-01 6.925738e+01 -7.619921e-01 3.624454e-01 -9.436853e-01 4.847695e-04 3.308440e-01 -1.307538e-03 9.999857e-01 -5.194796e-03 -3.308418e-01 -5.334844e-03 -9.436712e-01 7.216462e+01 9.757084e-08 3.801105e-01 9.999969e-01 3.425963e-09 2.497943e-03 -3.447902e-09 1.000000e+00 8.778238e-09 -2.497943e-03 -8.786824e-09 9.999969e-01
2.900000e+00 7.241522e+01 7.665033e-01 3.613440e-01 -9.242306e-01 2.216949e-03 3.818283e-01 2.470424e-03 9.999969e-01 1.736366e-04 -3.818268e-01 1.103758e-03 -9.242333e-01 7.241522e+01 -7.665031e-01 3.613440e-01 -9.242430e-01 -2.216935e-03 3.817983e-01 -2.470410e-03 9.999969e-01 -1.737335e-04 -3.817967e-01 -1.103770e-03 -9.242457e-01 6.950751e+01 7.619923e-01 3.624454e-01 -9.055058e-01 -4.847600e-04 -4.243336e-01 -2.702696e-03 9.999857e-01 4.625027e-03 4.243252e-01 5.334833e-03 -9.054941e-01 6.950751e+01 -7.619921e-01 3.624454e-01 -9.053956e-01 4.847695e-04 -4.245686e-01 2.703912e-03 9.999857e-01 -4.624334e-03 4.245603e-01 -5.334848e-03 -9.053839e-01 7.241475e+01 9.649982e-08 3.801106e-01 9.999969e-01 3.619495e-09 2.497921e-03 -3.641069e-09 1.000000e+00 8.632126e-09 -2.497921e-03 -8.641195e-09 9.999969e-01
2.910000e+00 7.266534e+01 7.665033e-01 3.613440e-01 -9.273369e-01 2.216953e-03 -3.742210e-01 1.642819e-03 9.999969e-01 1.853181e-03 3.742239e-01 1.103746e-03 -9.273377e-01 7.266534e+01 -7.665031e-01 3.613440e-01 -9.273247e-01 -2.216939e-03 -3.742511e-01 -1.642742e-03 9.999969e-01 -1.853240e-03 3.742541e-01 -1.103758e-03 -9.273255e-01 6.975763e+01 7.619923e-01 3.624454e-01 -3.493602e-01 -4.847596e-04 -9.369884e-01 -5.168036e-03 9.999857e-01 1.409573e-03 9.369742e-01 5.334838e-03 -3.493577e-01 6.975763e+01 -7.619921e-01 3.624454e-01 -3.491170e-01 4.847694e-04 -9.370790e-01 5.168418e-03 9.999857e-01 -1.408227e-03 9.370649e-01 -5.334852e-03 -3.491145e-01 7.266487e+01 9.540368e-08 3.801106e-01 9.999969e-01 3.802160e-09 2.497898e-03 -3.823298e-09 1.000000e+00 8.457589e-09 -2.497898e-03 -8.467112e-09 9.999969e-01
2.920000e+00 7.291547e+01 7.665033e-01 3.613440e-01 -4.003570e-01 2.216956e-03 -9.163566e-01 -1.238427e-04 9.999969e-01 2.473416e-03 9.163592e-01 1.103734e-03 -4.003555e-01 7.291547e+01 -7.665031e-01 3.613440e-01 -4.003272e-01 -2.216943e-03 -9.163696e-01 1.239394e-04 9.999969e-01 -2.473404e-03 9.163722e-01 -1.103745e-03 -4.003257e-01 7.000775e+01 7.619923e-01 3.624454e-01 4.066579e-01 -4.847593e-04 -9.135804e-01 -4.676680e-03 9.999857e-01 -2.612317e-03 9.135685e-01 5.334843e-03 4.066498e-01 7.000775e+01 -7.619921e-01 3.624454e-01 4.068951e-01 4.847694e-04 -9.134748e-01 4.676010e-03 9.999857e-01 2.613546e-03 9.134629e-01 -5.334856e-03 4.068870e-01 7.291499e+01 9.428244e-08 3.801106e-01 9.999969e-01 3.973958e-09 2.497875e-03 -3.994590e-09 1.000000e+00 8.254625e-09 -2.497875e-03 -8.264577e-09 9.999969e-01
2.930000e+00 7.316559e+01 7.665033e-01 3.613440e-01 3.554747e-01 2.216960e-03 -9.346833e-01 -1.819710e-03 9.999969e-01 1.679812e-03 9.346841e-01 1.103722e-03 3.554776e-01 7.316559e+01 -7.665031e-01 3.613440e-01 3.555051e-01 -2.216947e-03 -9.346717e-01 1.819770e-03 9.999969e-01 -1.679737e-03 9.346726e-01 -1.103733e-03 3.555080e-01 7.025788e+01 7.619923e-01 3.624454e-01 9.300220e-01 -4.847590e-04 -3.675035e-01 -1.509745e-03 9.999857e-01 -5.139675e-03 3.675007e-01 5.334847e-03 9.300079e-01 7.025788e+01 -7.619921e-01 3.624454e-01 9.301174e-01 4.847693e-04 -3.672620e-01 1.508406e-03 9.999857e-01 5.140083e-03 3.672593e-01 -5.334861e-03 9.301033e-01 7.316512e+01 9.313608e-08 3.801107e-01 9.999969e-01 4.134890e-09 2.497853e-03 -4.154944e-09 1.000000e+00 8.023235e-09 -2.497853e-03 -8.033588e-09 9.999969e-01
2.940000e+00 7.341571e+01 7.665033e-01 3.613440e-01 9.081095e-01 2.216964e-03 -4.187270e-01 -2.475405e-03 9.999969e-01 -7.399003e-05 4.187255e-01 1.103710e-03 9.081122e-01 7.341571e+01 -7.665031e-01 3.613440e-01 9.081231e-01 -2.216950e-03 -4.186975e-01 2.475395e-03 9.999969e-01 7.408613e-05 4.186960e-01 -1.103721e-03 9.081258e-01 7.050800e+01 7.619923e-01 3.624454e-01 9.213115e-01 -4.847588e-04 3.888249e-01 2.520931e-03 9.999857e-01 -4.726578e-03 -3.888170e-01 5.334852e-03 9.212995e-01 7.050800e+01 -7.619921e-01 3.624454e-01 9.212106e-01 4.847692e-04 3.890640e-01 -2.522173e-03 9.999857e-01 4.725932e-03 -3.890562e-01 -5.334865e-03 9.211986e-01 7.341524e+01 9.196462e-08 3.801107e-01 9.999969e-01 4.284955e-09 2.497831e-03 -4.304360e-09 1.000000e+00 7.763419e-09 -2.497831e-03 -7.774146e-09 9.999969e-01
2.950000e+00 7.366583e+01 7.665033e-01 3.613440e-01 9.416520e-01 2.216968e-03 3.365807e-01 -1.716131e-03 9.999969e-01 -1.785495e-03 -3.365836e-01 1.103698e-03 9.416529e-01 7.366583e+01 -7.665031e-01 3.613440e-01 9.416411e-01 -2.216954e-03 3.366112e-01 1.716056e-03 9.999969e-01 1.785556e-03 -3.366142e-01 -1.103709e-03 9.416420e-01 7.075812e+01 7.619923e-01 3.624454e-01 3.855118e-01 -4.847585e-04 9.227028e-01 5.109366e-03 9.999857e-01 -1.609369e-03 -9.226888e-01 5.334857e-03 3.855087e-01 7.075812e+01 -7.619921e-01 3.624454e-01 3.852723e-01 4.847691e-04 9.228028e-01 -5.109799e-03 9.999857e-01 1.608038e-03 -9.227888e-01 -5.334869e-03 3.852692e-01 7.366536e+01 9.076805e-08 3.801108e-01 9.999969e-01 4.424153e-09 2.497808e-03 -4.442838e-09 1.000000e+00 7.475177e-09 -2.497808e-03 -7.486251e-09 9.999969e-01
2.960000e+00 7.391596e+01 7.665033e-01 3.613440e-01 4.369307e-01 2.216971e-03 8.994925e-01 2.409863e-05 9.999969e-01 -2.476390e-03 -8.994952e-01 1.103687e-03 4.369293e-01 7.391596e+01 -7.665031e-01 3.613440e-01 4.369014e-01 -2.216958e-03 8.995067e-01 -2.419398e-05 9.999969e-01 2.476381e-03 -8.995094e-01 -1.103697e-03 4.369000e-01 7.100825e+01 7.619923e-01 3.624454e-01 -3.708411e-01 -4.847582e-04 9.286962e-01 4.774701e-03 9.999857e-01 2.428573e-03 -9.286841e-01 5.334862e-03 -3.708334e-01 7.100825e+01 -7.619921e-01 3.624454e-01 -3.710821e-01 4.847690e-04 9.285999e-01 -4.774078e-03 9.999857e-01 -2.429827e-03 -9.285878e-01 -5.334874e-03 -3.710745e-01 7.391548e+01 8.954637e-08 3.801108e-01 9.999969e-01 4.552485e-09 2.497786e-03 -4.570379e-09 1.000000e+00 7.158509e-09 -2.497786e-03 -7.169902e-09 9.999969e-01
2.970000e+00 7.416608e+01 7.665033e-01 3.613440e-01 -3.175464e-01 2.216975e-03 9.482401e-01 1.750549e-03 9.999969e-01 -1.751758e-03 -9.482411e-01 1.103676e-03 -3.175493e-01 7.416608e+01 -7.665031e-01 3.613440e-01 -3.175772e-01 -2.216962e-03 9.482298e-01 -1.750611e-03 9.999969e-01 1.751686e-03 -9.482308e-01 -1.103686e-03 -3.175801e-01 7.125837e+01 7.619923e-01 3.624453e-01 -9.150332e-01 -4.847579e-04 4.033782e-01 1.708406e-03 9.999857e-01 5.077119e-03 -4.033749e-01 5.334867e-03 -9.150192e-01 7.125837e+01 -7.619921e-01 3.624453e-01 -9.151379e-01 4.847688e-04 4.031407e-01 -1.707083e-03 9.999857e-01 -5.077577e-03 -4.031374e-01 -5.334878e-03 -9.151239e-01 7.416561e+01 8.829958e-08 3.801108e-01 9.999969e-01 4.669949e-09 2.497764e-03 -4.686982e-09 1.000000e+00 6.813415e-09 -2.497764e-03 -6.825100e-09 9.999969e-01
2.980000e+00 7.441620e+01 7.665033e-01 3.613440e-01 -8.905088e-01 2.216978e-03 4.549605e-01 2.476369e-03 9.999969e-01 -2.581121e-05 -4.549592e-01 1.103665e-03 -8.905116e-01 7.441620e+01 -7.665031e-01 3.613440e-01 -8.905236e-01 -2.216965e-03 4.549316e-01 -2.476362e-03 9.999969e-01 2.571683e-05 -4.549303e-01 -1.103674e-03 -8.905264e-01 7.150849e+01 7.619923e-01 3.624453e-01 -9.357314e-01 -4.847577e-04 -3.527132e-01 -2.335277e-03 9.999857e-01 4.821030e-03 3.527058e-01 5.334872e-03 -9.357191e-01 7.150849e+01 -7.619921e-01 3.624453e-01 -9.356398e-01 4.847687e-04 -3.529560e-01 2.336542e-03 9.999857e-01 -4.820430e-03 3.529486e-01 -5.334882e-03 -9.356275e-01 7.441573e+01 8.702799e-08 3.801109e-01 9.999969e-01 4.776978e-09 2.497742e-03 -4.793087e-09 1.000000e+00 6.443684e-09 -2.497742e-03 -6.455636e-09 9.999969e-01
