2.500000e+00 6.241001e+01 7.665024e-01 3.613436e-01 -9.999748e-01 2.216805e-03 -6.738262e-03 2.209313e-03 9.999969e-01 1.119110e-03 6.740722e-03 1.104195e-03 -9.999767e-01 6.241001e+01 -7.665039e-01 3.613437e-01 -9.999746e-01 -2.216775e-03 -6.769842e-03 -2.209247e-03 9.999969e-01 -1.119272e-03 6.772302e-03 -1.104287e-03 -9.999765e-01 5.950230e+01 7.619914e-01 3.624456e-01 -6.777839e-01 -4.847787e-04 -7.352610e-01 -4.250666e-03 9.999857e-01 3.259062e-03 7.352489e-01 5.334289e-03 -6.777762e-01 5.950230e+01 -7.619928e-01 3.624456e-01 -6.775824e-01 4.848061e-04 -7.354467e-01 4.251651e-03 9.999857e-01 -3.257945e-03 7.354346e-01 -5.334389e-03 -6.775747e-01 6.240954e+01 -7.369232e-07 3.801089e-01 9.999969e-01 1.288523e-08 2.499172e-03 -1.304008e-08 1.000000e+00 6.194327e-08 -2.499172e-03 -6.197566e-08 9.999969e-01
2.510000e+00 6.266015e+01 7.665024e-01 3.613437e-01 -7.094264e-01 2.216809e-03 -7.047761e-01 7.944613e-04 9.999969e-01 2.345696e-03 7.047791e-01 1.104181e-03 -7.094259e-01 6.266015e+01 -7.665039e-01 3.613437e-01 -7.094041e-01 -2.216781e-03 -7.047985e-01 -7.943051e-04 9.999969e-01 -2.345764e-03 7.048015e-01 -1.104269e-03 -7.094037e-01 5.975244e+01 7.619914e-01 3.624455e-01 3.094525e-02 -4.847789e-04 -9.995210e-01 -5.316734e-03 9.999857e-01 -6.496108e-04 9.995069e-01 5.334290e-03 3.094223e-02 5.975244e+01 -7.619928e-01 3.624455e-01 3.121917e-02 4.848066e-04 -9.995124e-01 5.316651e-03 9.999857e-01 6.510985e-04 9.994984e-01 -5.334386e-03 3.121614e-02 6.265967e+01 -7.397289e-07 3.801090e-01 9.999969e-01 1.307070e-08 2.499117e-03 -1.321974e-08 1.000000e+00 5.962040e-08 -2.499117e-03 -5.965325e-08 9.999969e-01
2.520000e+00 6.291028e+01 7.665024e-01 3.613437e-01 -1.331386e-02 2.216812e-03 -9.999089e-01 -1.074563e-03 9.999969e-01 2.231315e-03 9.999108e-01 1.104172e-03 -1.331143e-02 6.291028e+01 -7.665039e-01 3.613437e-01 -1.328229e-02 -2.216785e-03 -9.999093e-01 1.074718e-03 9.999969e-01 -2.231255e-03 9.999112e-01 -1.104257e-03 -1.327986e-02 6.000257e+01 7.619914e-01 3.624455e-01 7.219659e-01 -4.847778e-04 -6.919285e-01 -3.340974e-03 9.999857e-01 -4.186617e-03 6.919206e-01 5.334310e-03 7.219539e-01 6.000257e+01 -7.619928e-01 3.624455e-01 7.221555e-01 4.848058e-04 -6.917306e-01 3.339869e-03 9.999857e-01 4.187619e-03 6.917227e-01 -5.334402e-03 7.221435e-01 6.290981e+01 -7.425703e-07 3.801091e-01 9.999969e-01 1.321473e-08 2.499068e-03 -1.335771e-08 1.000000e+00 5.719383e-08 -2.499068e-03 -5.722704e-08 9.999969e-01
2.530000e+00 6.316042e+01 7.665024e-01 3.613437e-01 6.904097e-01 2.216813e-03 -7.234152e-01 -2.329287e-03 9.999969e-01 8.413475e-04 7.234148e-01 1.104167e-03 6.904128e-01 6.316042e+01 -7.665039e-01 3.613437e-01 6.904326e-01 -2.216788e-03 -7.233934e-01 2.329355e-03 9.999969e-01 -8.412002e-04 7.233930e-01 -1.104248e-03 6.904356e-01 6.025271e+01 7.619914e-01 3.624455e-01 9.999333e-01 -4.847759e-04 1.154075e-02 5.462991e-04 9.999857e-01 -5.328392e-03 -1.153800e-02 5.334341e-03 9.999192e-01 6.025271e+01 -7.619928e-01 3.624456e-01 9.999301e-01 4.848040e-04 1.181478e-02 -5.477884e-04 9.999857e-01 5.328329e-03 -1.181203e-02 -5.334429e-03 9.999160e-01 6.315995e+01 -7.454471e-07 3.801091e-01 9.999969e-01 1.330660e-08 2.499031e-03 -1.344324e-08 1.000000e+00 5.465821e-08 -2.499031e-03 -5.469163e-08 9.999969e-01
2.540000e+00 6.341055e+01 7.665024e-01 3.613437e-01 9.994409e-01 2.216814e-03 -3.336148e-02 -2.252415e-03 9.999969e-01 -1.029595e-03 3.335909e-02 1.104163e-03 9.994428e-01 6.341055e+01 -7.665039e-01 3.613437e-01 9.994419e-01 -2.216791e-03 -3.332993e-02 2.252362e-03 9.999969e-01 1.029744e-03 3.332754e-02 -1.104240e-03 9.994439e-01 6.050284e+01 7.619914e-01 3.624456e-01 7.057895e-01 -4.847739e-04 7.084215e-01 4.121130e-03 9.999857e-01 -3.421527e-03 -7.084097e-01 5.334374e-03 7.057813e-01 6.050284e+01 -7.619928e-01 3.624456e-01 7.055953e-01 4.848021e-04 7.086149e-01 -4.122146e-03 9.999857e-01 3.420436e-03 -7.086030e-01 -5.334457e-03 7.055872e-01 6.341008e+01 -7.483516e-07 3.801091e-01 9.999969e-01 1.334755e-08 2.499009e-03 -1.347763e-08 1.000000e+00 5.203249e-08 -2.499009e-03 -5.206600e-08 9.999969e-01
2.550000e+00 6.366069e+01 7.665024e-01 3.613437e-01 7.371154e-01 2.216815e-03 6.757633e-01 -8.878971e-04 9.999969e-01 -2.311942e-03 -6.757663e-01 1.104160e-03 7.371151e-01 6.366069e+01 -7.665039e-01 3.613437e-01 7.370940e-01 -2.216793e-03 6.757865e-01 8.877590e-04 9.999969e-01 2.312009e-03 -6.757896e-01 -1.104233e-03 7.370938e-01 6.075298e+01 7.619914e-01 3.624457e-01 7.803739e-03 -4.847721e-04 9.999694e-01 5.338026e-03 9.999857e-01 4.431221e-04 -9.999553e-01 5.334405e-03 7.806214e-03 6.075298e+01 -7.619928e-01 3.624457e-01 7.529728e-03 4.848002e-04 9.999715e-01 -5.337982e-03 9.999857e-01 -4.446123e-04 -9.999574e-01 -5.334483e-03 7.532208e-03 6.366022e+01 -7.512841e-07 3.801091e-01 9.999969e-01 1.334245e-08 2.498999e-03 -1.346578e-08 1.000000e+00 4.933846e-08 -2.498999e-03 -4.937195e-08 9.999969e-01
2.560000e+00 6.391082e+01 7.665024e-01 3.613437e-01 5.340113e-02 2.216817e-03 9.985707e-01 9.841998e-04 9.999969e-01 -2.272616e-03 -9.985727e-01 1.104153e-03 5.339878e-02 6.391082e+01 -7.665039e-01 3.613437e-01 5.336961e-02 -2.216797e-03 9.985724e-01 -9.843415e-04 9.999969e-01 2.272569e-03 -9.985743e-01 -1.104222e-03 5.336727e-02 6.100311e+01 7.619914e-01 3.624457e-01 -6.946478e-01 -4.847712e-04 7.193498e-01 3.500576e-03 9.999857e-01 4.054260e-03 -7.193415e-01 5.334422e-03 -6.946362e-01 6.100311e+01 -7.619928e-01 3.624457e-01 -6.948449e-01 4.847992e-04 7.191595e-01 -3.499498e-03 9.999857e-01 -4.055291e-03 -7.191511e-01 -5.334495e-03 -6.948332e-01 6.391035e+01 -7.542456e-07 3.801091e-01 9.999969e-01 1.330398e-08 2.498985e-03 -1.342055e-08 1.000000e+00 4.663311e-08 -2.498985e-03 -4.666650e-08 9.999969e-01
2.570000e+00 6.416096e+01 7.665024e-01 3.613437e-01 -6.608396e-01 2.216819e-03 7.505239e-01 2.293655e-03 9.999969e-01 -9.341132e-04 -7.505236e-01 1.104144e-03 -6.608427e-01 6.416096e+01 -7.665039e-01 3.613437e-01 -6.608633e-01 -2.216801e-03 7.505030e-01 -2.293722e-03 9.999969e-01 9.339842e-04 -7.505028e-01 -1.104209e-03 -6.608664e-01 6.125325e+01 7.619914e-01 3.624457e-01 -9.996318e-01 -4.847712e-04 2.712966e-02 -3.398646e-04 9.999857e-01 5.345616e-03 -2.713187e-02 5.334427e-03 -9.996176e-01 6.125325e+01 -7.619928e-01 3.624457e-01 -9.996392e-01 4.847990e-04 2.685575e-02 3.413553e-04 9.999857e-01 -5.345592e-03 -2.685796e-02 -5.334496e-03 -9.996250e-01 6.416049e+01 -7.572342e-07 3.801091e-01 9.999969e-01 1.323237e-08 2.498967e-03 -1.334218e-08 1.000000e+00 4.392470e-08 -2.498967e-03 -4.395791e-08 9.999969e-01
2.580000e+00 6.441109e+01 7.665024e-01 3.613437e-01 -9.972982e-01 2.216822e-03 7.342611e-02 2.291910e-03 9.999969e-01 9.383846e-04 -7.342380e-02 1.104135e-03 -9.973002e-01 6.441109e+01 -7.665039e-01 3.613437e-01 -9.973005e-01 -2.216806e-03 7.339462e-02 -2.291868e-03 9.999969e-01 -9.385191e-04 -7.339231e-02 -1.104196e-03 -9.973025e-01 6.150338e+01 7.619914e-01 3.624457e-01 -7.326519e-01 -4.847712e-04 -6.806034e-01 -3.985798e-03 9.999857e-01 3.578351e-03 6.805919e-01 5.334433e-03 -7.326433e-01 6.150338e+01 -7.619929e-01 3.624457e-01 -7.324654e-01 4.847987e-04 -6.808041e-01 3.986842e-03 9.999857e-01 -3.577287e-03 6.807926e-01 -5.334497e-03 -7.324568e-01 6.441062e+01 -7.602287e-07 3.801092e-01 9.999969e-01 1.312312e-08 2.498941e-03 -1.322629e-08 1.000000e+00 4.126723e-08 -2.498941e-03 -4.130015e-08 9.999969e-01
2.590000e+00 6.466123e+01 7.665024e-01 3.613437e-01 -7.636332e-01 2.216824e-03 -6.456466e-01 9.799644e-04 9.999969e-01 2.274440e-03 6.456496e-01 1.104127e-03 -7.636330e-01 6.466123e+01 -7.665039e-01 3.613437e-01 -7.636128e-01 -2.216810e-03 -6.456707e-01 -9.798443e-04 9.999969e-01 -2.274505e-03 6.456737e-01 -1.104184e-03 -7.636126e-01 6.175352e+01 7.619914e-01 3.624456e-01 -4.649191e-02 -4.847711e-04 -9.989185e-01 -5.351213e-03 9.999857e-01 -2.362315e-04 9.989043e-01 5.334443e-03 -4.649384e-02 6.175352e+01 -7.619929e-01 3.624456e-01 -4.621818e-02 4.847982e-04 -9.989313e-01 5.351209e-03 9.999857e-01 2.377222e-04 9.989170e-01 -5.334503e-03 -4.622011e-02 6.466076e+01 -7.632234e-07 3.801092e-01 9.999969e-01 1.297504e-08 2.498906e-03 -1.307173e-08 1.000000e+00 3.867483e-08 -2.498906e-03 -3.870737e-08 9.999969e-01
2.600000e+00 6.491136e+01 7.665024e-01 3.613437e-01 -9.342434e-02 2.216826e-03 -9.956239e-01 -8.921880e-04 9.999969e-01 2.310282e-03 9.956260e-01 1.104120e-03 -9.342208e-02 6.491136e+01 -7.665039e-01 3.613437e-01 -9.339290e-02 -2.216813e-03 -9.956269e-01 8.923156e-04 9.999969e-01 -2.310245e-03 9.956289e-01 -1.104174e-03 -9.339064e-02 6.200365e+01 7.619914e-01 3.624456e-01 6.662643e-01 -4.847706e-04 -7.457156e-01 -3.655008e-03 9.999857e-01 -3.915655e-03 7.457068e-01 5.334458e-03 6.662529e-01 6.200365e+01 -7.619929e-01 3.624456e-01 6.664686e-01 4.847973e-04 -7.455330e-01 3.653959e-03 9.999857e-01 3.916714e-03 7.455242e-01 -5.334514e-03 6.664572e-01 6.491089e+01 -7.661972e-07 3.801093e-01 9.999969e-01 1.278009e-08 2.498869e-03 -1.287052e-08 1.000000e+00 3.617443e-08 -2.498869e-03 -3.620647e-08 9.999969e-01
2.610000e+00 6.516150e+01 7.665024e-01 3.613437e-01 6.301917e-01 2.216828e-03 -7.764364e-01 -2.254308e-03 9.999969e-01 1.025422e-03 7.764363e-01 1.104115e-03 6.301948e-01 6.516150e+01 -7.665039e-01 3.613437e-01 6.302162e-01 -2.216816e-03 -7.764165e-01 2.254372e-03 9.999969e-01 -1.025310e-03 7.764164e-01 -1.104165e-03 6.302193e-01 6.225379e+01 7.619914e-01 3.624456e-01 9.978289e-01 -4.847698e-04 -6.585775e-02 1.323936e-04 9.999857e-01 -5.354824e-03 6.585940e-02 5.334479e-03 9.978147e-01 6.225379e+01 -7.619929e-01 3.624456e-01 9.978469e-01 4.847959e-04 -6.558433e-02 -1.338836e-04 9.999857e-01 5.354841e-03 6.558599e-02 -5.334530e-03 9.978327e-01 6.516102e+01 -7.691311e-07 3.801093e-01 9.999969e-01 1.253108e-08 2.498838e-03 -1.261555e-08 1.000000e+00 3.379003e-08 -2.498838e-03 -3.382145e-08 9.999969e-01
2.620000e+00 6.541163e+01 7.665024e-01 3.613438e-01 9.935484e-01 2.216829e-03 -1.133873e-01 -2.327724e-03 9.999969e-01 -8.456310e-04 1.133851e-01 1.104110e-03 9.935505e-01 6.541163e+01 -7.665039e-01 3.613438e-01 9.935520e-01 -2.216819e-03 -1.133559e-01 2.327693e-03 9.999969e-01 8.457523e-04 1.133537e-01 -1.104157e-03 9.935541e-01 6.250392e+01 7.619914e-01 3.624457e-01 7.584897e-01 -4.847687e-04 6.516849e-01 3.844102e-03 9.999857e-01 -3.730254e-03 -6.516737e-01 5.334502e-03 7.584806e-01 6.250392e+01 -7.619929e-01 3.624457e-01 7.583111e-01 4.847942e-04 6.518927e-01 -3.845175e-03 9.999857e-01 3.729220e-03 -6.518815e-01 -5.334550e-03 7.583021e-01 6.541116e+01 -7.720246e-07 3.801093e-01 9.999969e-01 1.223294e-08 2.498813e-03 -1.231175e-08 1.000000e+00 3.152435e-08 -2.498813e-03 -3.155502e-08 9.999969e-01
2.630000e+00 6.566176e+01 7.665024e-01 3.613438e-01 7.889291e-01 2.216831e-03 6.144802e-01 -1.070473e-03 9.999969e-01 -2.233264e-03 -6.144832e-01 1.104102e-03 7.889291e-01 6.566176e+01 -7.665039e-01 3.613438e-01 7.889098e-01 -2.216823e-03 6.145051e-01 1.070370e-03 9.999969e-01 2.233328e-03 -6.145081e-01 -1.104147e-03 7.889097e-01 6.275405e+01 7.619914e-01 3.624457e-01 8.517273e-02 -4.847682e-04 9.963661e-01 5.356424e-03 9.999857e-01 2.864402e-05 -9.963518e-01 5.334519e-03 8.517411e-02 6.275405e+01 -7.619929e-01 3.624457e-01 8.489974e-02 4.847929e-04 9.963894e-01 -5.356462e-03 9.999857e-01 -3.013250e-05 -9.963751e-01 -5.334564e-03 8.490112e-02 6.566129e+01 -7.748761e-07 3.801094e-01 9.999969e-01 1.190103e-08 2.498789e-03 -1.197450e-08 1.000000e+00 2.938579e-08 -2.498789e-03 -2.941562e-08 9.999969e-01
2.640000e+00 6.591189e+01 7.665024e-01 3.613438e-01 1.333100e-01 2.216834e-03 9.910719e-01 7.987145e-04 9.999969e-01 -2.344233e-03 -9.910741e-01 1.104093e-03 1.333078e-01 6.591189e+01 -7.665040e-01 3.613438e-01 1.332787e-01 -2.216827e-03 9.910761e-01 -7.988303e-04 9.999969e-01 2.344207e-03 -9.910783e-01 -1.104134e-03 1.332765e-01 6.300418e+01 7.619914e-01 3.624457e-01 -6.368816e-01 -4.847680e-04 7.709615e-01 3.803983e-03 9.999857e-01 3.771197e-03 -7.709523e-01 5.334530e-03 -6.368706e-01 6.300418e+01 -7.619929e-01 3.624457e-01 -6.370928e-01 4.847920e-04 7.707870e-01 -3.802966e-03 9.999857e-01 -3.772284e-03 -7.707778e-01 -5.334572e-03 -6.370818e-01 6.591142e+01 -7.776837e-07 3.801094e-01 9.999969e-01 1.153677e-08 2.498766e-03 -1.160521e-08 1.000000e+00 2.737317e-08 -2.498766e-03 -2.740208e-08 9.999969e-01
2.650000e+00 6.616203e+01 7.665024e-01 3.613438e-01 -5.985163e-01 2.216836e-03 8.011076e-01 2.211308e-03 9.999969e-01 -1.115113e-03 -8.011076e-01 1.104083e-03 -5.985193e-01 6.616203e+01 -7.665040e-01 3.613438e-01 -5.985416e-01 -2.216832e-03 8.010887e-01 -2.211372e-03 9.999969e-01 1.115017e-03 -8.010887e-01 -1.104121e-03 -5.985446e-01 6.325432e+01 7.619914e-01 3.624456e-01 -9.945308e-01 -4.847682e-04 1.044426e-01 7.504280e-05 9.999857e-01 5.355993e-03 -1.044436e-01 5.334538e-03 -9.945165e-01 6.325432e+01 -7.619929e-01 3.624456e-01 -9.945594e-01 4.847913e-04 1.041701e-01 -7.355630e-05 9.999857e-01 -5.356054e-03 -1.041712e-01 -5.334576e-03 -9.945451e-01 6.616155e+01 -7.804238e-07 3.801094e-01 9.999969e-01 1.114422e-08 2.498737e-03 -1.120788e-08 1.000000e+00 2.546246e-08 -2.498737e-03 -2.549039e-08 9.999969e-01
2.660000e+00 6.641216e+01 7.665024e-01 3.613438e-01 -9.881952e-01 2.216840e-03 1.531841e-01 2.359801e-03 9.999969e-01 7.514578e-04 -1.531820e-01 1.104071e-03 -9.881974e-01 6.641216e+01 -7.665040e-01 3.613438e-01 -9.882000e-01 -2.216837e-03 1.531529e-01 -2.359780e-03 9.999969e-01 -7.515684e-04 -1.531508e-01 -1.104107e-03 -9.882022e-01 6.350445e+01 7.619914e-01 3.624456e-01 -7.831552e-01 -4.847685e-04 -6.218261e-01 -3.696803e-03 9.999857e-01 3.876339e-03 6.218153e-01 5.334544e-03 -7.831458e-01 6.350445e+01 -7.619929e-01 3.624456e-01 -7.829848e-01 4.847908e-04 -6.220407e-01 3.697904e-03 9.999857e-01 -3.875340e-03 6.220299e-01 -5.334579e-03 -7.829754e-01 6.641169e+01 -7.830888e-07 3.801095e-01 9.999969e-01 1.072466e-08 2.498702e-03 -1.078378e-08 1.000000e+00 2.364614e-08 -2.498702e-03 -2.367302e-08 9.999969e-01
2.670000e+00 6.666229e+01 7.665024e-01 3.613438e-01 -8.129656e-01 2.216843e-03 -5.823075e-01 1.159315e-03 9.999969e-01 2.188453e-03 5.823105e-01 1.104060e-03 -8.129657e-01 6.666229e+01 -7.665040e-01 3.613438e-01 -8.129472e-01 -2.216842e-03 -5.823331e-01 -1.159226e-03 9.999969e-01 -2.188517e-03 5.823362e-01 -1.104093e-03 -8.129473e-01 6.375458e+01 7.619914e-01 3.624456e-01 -1.237072e-01 -4.847688e-04 -9.923186e-01 -5.353545e-03 9.999857e-01 1.788842e-04 9.923043e-01 5.334552e-03 -1.237080e-01 6.375458e+01 -7.619929e-01 3.624456e-01 -1.234353e-01 4.847901e-04 -9.923525e-01 5.353629e-03 9.999857e-01 -1.774002e-04 9.923382e-01 -5.334584e-03 -1.234361e-01 6.666182e+01 -7.856504e-07 3.801095e-01 9.999969e-01 1.026855e-08 2.498663e-03 -1.032331e-08 1.000000e+00 2.190609e-08 -2.498663e-03 -2.193182e-08 9.999969e-01
2.680000e+00 6.691242e+01 7.665024e-01 3.613438e-01 -1.729999e-01 2.216846e-03 -9.849194e-01 -7.038899e-04 9.999969e-01 2.374419e-03 9.849216e-01 1.104049e-03 -1.729978e-01 6.691242e+01 -7.665040e-01 3.613438e-01 -1.729688e-01 -2.216846e-03 -9.849248e-01 7.039956e-04 9.999969e-01 -2.374403e-03 9.849271e-01 -1.104080e-03 -1.729667e-01 6.400471e+01 7.619914e-01 3.624455e-01 6.065162e-01 -4.847687e-04 -7.950710e-01 -3.947343e-03 9.999857e-01 -3.620921e-03 7.950613e-01 5.334565e-03 6.065056e-01 6.400471e+01 -7.619929e-01 3.624455e-01 6.067340e-01 4.847889e-04 -7.949048e-01 3.946362e-03 9.999857e-01 3.622037e-03 7.948951e-01 -5.334595e-03 6.067234e-01 6.691195e+01 -7.880774e-07 3.801096e-01 9.999969e-01 9.765485e-09 2.498625e-03 -9.816044e-09 1.000000e+00 2.022250e-08 -2.498625e-03 -2.024696e-08 9.999969e-01
2.690000e+00 6.716255e+01 7.665024e-01 3.613438e-01 5.658616e-01 2.216848e-03 -8.244973e-01 -2.164714e-03 9.999969e-01 1.203052e-03 8.244974e-01 1.104039e-03 5.658647e-01 6.716255e+01 -7.665040e-01 3.613438e-01 5.658877e-01 -2.216851e-03 -8.244794e-01 2.164777e-03 9.999969e-01 -1.202969e-03 8.244795e-01 -1.104068e-03 5.658907e-01 6.425484e+01 7.619914e-01 3.624455e-01 9.897316e-01 -4.847683e-04 -1.429377e-01 -2.827296e-04 9.999857e-01 -5.349097e-03 1.429383e-01 5.334583e-03 9.897172e-01 6.425484e+01 -7.619929e-01 3.624455e-01 9.897707e-01 4.847874e-04 -1.426665e-01 2.812489e-04 9.999857e-01 5.349204e-03 1.426671e-01 -5.334610e-03 9.897564e-01 6.716208e+01 -7.903675e-07 3.801096e-01 9.999969e-01 9.218592e-09 2.498589e-03 -9.265069e-09 1.000000e+00 1.858969e-08 -2.498589e-03 -1.861278e-08 9.999969e-01
2.700000e+00 6.741268e+01 7.665024e-01 3.613438e-01 9.812456e-01 2.216851e-03 -1.927488e-01 -2.388081e-03 9.999969e-01 -6.560330e-04 1.927468e-01 1.104029e-03 9.812479e-01 6.741268e+01 -7.665040e-01 3.613438e-01 9.812517e-01 -2.216855e-03 -1.927178e-01 2.388069e-03 9.999969e-01 6.561338e-04 1.927158e-01 -1.104056e-03 9.812540e-01 6.450497e+01 7.619914e-01 3.624455e-01 8.066863e-01 -4.847680e-04 5.909797e-01 3.543691e-03 9.999857e-01 -4.016865e-03 -5.909693e-01 5.334600e-03 8.066764e-01 6.450497e+01 -7.619929e-01 3.624455e-01 8.065243e-01 4.847859e-04 5.912007e-01 -3.544821e-03 9.999857e-01 4.015904e-03 -5.911903e-01 -5.334624e-03 8.065145e-01 6.741221e+01 -7.925124e-07 3.801096e-01 9.999969e-01 8.639524e-09 2.498557e-03 -8.681993e-09 1.000000e+00 1.698648e-08 -2.498557e-03 -1.700812e-08 9.999969e-01
2.710000e+00 6.766281e+01 7.665024e-01 3.613438e-01 8.356985e-01 2.216854e-03 5.491840e-01 -1.246313e-03 9.999969e-01 -2.140094e-03 -5.491871e-01 1.104018e-03 8.356987e-01 6.766281e+01 -7.665040e-01 3.613438e-01 8.356812e-01 -2.216860e-03 5.492104e-01 1.246237e-03 9.999969e-01 2.140157e-03 -5.492135e-01 -1.104043e-03 8.356814e-01 6.475510e+01 7.619914e-01 3.624455e-01 1.620965e-01 -4.847678e-04 9.867748e-01 5.342643e-03 9.999857e-01 -3.863729e-04 -9.867604e-01 5.334615e-03 1.620968e-01 6.475510e+01 -7.619929e-01 3.624455e-01 1.618262e-01 4.847845e-04 9.868192e-01 -5.342773e-03 9.999857e-01 3.848963e-04 -9.868048e-01 -5.334637e-03 1.618264e-01 6.766234e+01 -7.945112e-07 3.801097e-01 9.999969e-01 8.029646e-09 2.498529e-03 -8.068175e-09 1.000000e+00 1.541072e-08 -2.498529e-03 -1.543083e-08 9.999969e-01
2.720000e+00 6.791294e+01 7.665024e-01 3.613438e-01 2.124246e-01 2.216857e-03 9.771749e-01 6.078976e-04 9.999969e-01 -2.400780e-03 -9.771773e-01 1.104007e-03 2.124226e-01 6.791294e+01 -7.665040e-01 3.613438e-01 2.123937e-01 -2.216865e-03 9.771817e-01 -6.079934e-04 9.999969e-01 2.400774e-03 -9.771840e-01 -1.104029e-03 2.123917e-01 6.500523e+01 7.619914e-01 3.624456e-01 -5.752387e-01 -4.847678e-04 8.179855e-01 4.084797e-03 9.999857e-01 3.465213e-03 -8.179754e-01 5.334629e-03 -5.752284e-01 6.500523e+01 -7.619929e-01 3.624455e-01 -5.754628e-01 4.847831e-04 8.178278e-01 -4.083855e-03 9.999857e-01 -3.466356e-03 -8.178178e-01 -5.334649e-03 -5.754525e-01 6.791247e+01 -7.963616e-07 3.801097e-01 9.999969e-01 7.395213e-09 2.498503e-03 -7.429863e-09 1.000000e+00 1.385901e-08 -2.498503e-03 -1.387753e-08 9.999969e-01
2.730000e+00 6.816307e+01 7.665024e-01 3.613438e-01 -5.322807e-01 2.216860e-03 8.465650e-01 2.114602e-03 9.999969e-01 -1.289082e-03 -8.465653e-01 1.103995e-03 -5.322838e-01 6.816307e+01 -7.665040e-01 3.613438e-01 -5.323075e-01 -2.216870e-03 8.465482e-01 -2.114665e-03 9.999969e-01 1.289013e-03 -8.465485e-01 -1.104015e-03 -5.323105e-01 6.525536e+01 7.619914e-01 3.624455e-01 -9.834489e-01 -4.847679e-04 1.811852e-01 4.898205e-04 9.999857e-01 5.334179e-03 -1.811852e-01 5.334640e-03 -9.834345e-01 6.525536e+01 -7.619929e-01 3.624455e-01 -9.834985e-01 4.847819e-04 1.809158e-01 -4.883484e-04 9.999857e-01 -5.334332e-03 -1.809158e-01 -5.334657e-03 -9.834841e-01 6.816260e+01 -7.980613e-07 3.801098e-01 9.999969e-01 6.742942e-09 2.498476e-03 -6.773764e-09 1.000000e+00 1.232767e-08 -2.498476e-03 -1.234455e-08 9.999969e-01
2.740000e+00 6.841320e+01 7.665024e-01 3.613438e-01 -9.727087e-01 2.216864e-03 2.320193e-01 2.412513e-03 9.999969e-01 5.595021e-04 -2.320173e-01 1.103982e-03 -9.727110e-01 6.841320e+01 -7.665040e-01 3.613438e-01 -9.727160e-01 -2.216875e-03 2.319885e-01 -2.412511e-03 9.999969e-01 -5.595930e-04 -2.319866e-01 -1.104000e-03 -9.727184e-01 6.550549e+01 7.619914e-01 3.624455e-01 -8.289818e-01 -4.847683e-04 -5.592754e-01 -3.385397e-03 9.999857e-01 4.151212e-03 5.592654e-01 5.334648e-03 -8.289715e-01 6.550549e+01 -7.619929e-01 3.624455e-01 -8.288285e-01 4.847809e-04 -5.595025e-01 3.386553e-03 9.999857e-01 -4.150289e-03 5.594925e-01 -5.334663e-03 -8.288182e-01 6.841273e+01 -7.996083e-07 3.801098e-01 9.999969e-01 6.078230e-09 2.498445e-03 -6.105267e-09 1.000000e+00 1.081377e-08 -2.498445e-03 -1.082899e-08 9.999969e-01
2.750000e+00 6.866333e+01 7.665024e-01 3.613438e-01 -8.570922e-01 2.216868e-03 -5.151583e-01 1.331342e-03 9.999969e-01 2.088247e-03 5.151614e-01 1.103968e-03 -8.570925e-01 6.866333e+01 -7.665040e-01 3.613438e-01 -8.570759e-01 -2.216881e-03 -5.151854e-01 -1.331279e-03 9.999969e-01 -2.088310e-03 5.151885e-01 -1.103984e-03 -8.570762e-01 6.575562e+01 7.619914e-01 3.624455e-01 -2.002283e-01 -4.847689e-04 -9.797491e-01 -5.323686e-03 9.999857e-01 5.932035e-04 9.797348e-01 5.334653e-03 -2.002280e-01 6.575562e+01 -7.619929e-01 3.624455e-01 -1.999599e-01 4.847802e-04 -9.798040e-01 5.323862e-03 9.999857e-01 -5.917362e-04 9.797896e-01 -5.334665e-03 -1.999596e-01 6.866286e+01 -8.010008e-07 3.801098e-01 9.999969e-01 5.406474e-09 2.498409e-03 -5.429762e-09 1.000000e+00 9.314356e-09 -2.498409e-03 -9.327892e-09 9.999969e-01
2.760000e+00 6.891346e+01 7.665024e-01 3.613439e-01 -2.515248e-01 2.216871e-03 -9.678483e-01 -5.108665e-04 9.999969e-01 2.423273e-03 9.678507e-01 1.103954e-03 -2.515229e-01 6.891346e+01 -7.665040e-01 3.613439e-01 -2.514942e-01 -2.216887e-03 -9.678563e-01 5.109524e-04 9.999969e-01 -2.423274e-03 9.678587e-01 -1.103968e-03 -2.514923e-01 6.600575e+01 7.619914e-01 3.624454e-01 5.430746e-01 -4.847698e-04 -8.396843e-01 -4.216165e-03 9.999857e-01 -3.304165e-03 8.396738e-01 5.334655e-03 5.430648e-01 6.600575e+01 -7.619929e-01 3.624454e-01 5.433047e-01 4.847796e-04 -8.395354e-01 4.215262e-03 9.999857e-01 3.305333e-03 8.395250e-01 -5.334665e-03 5.432949e-01 6.891298e+01 -8.022297e-07 3.801099e-01 9.999969e-01 4.723384e-09 2.498369e-03 -4.742973e-09 1.000000e+00 7.834982e-09 -2.498369e-03 -7.846808e-09 9.999969e-01
2.770000e+00 6.916359e+01 7.665024e-01 3.613439e-01 4.978242e-01 2.216875e-03 -8.672751e-01 -2.061042e-03 9.999969e-01 1.373073e-03 8.672755e-01 1.103941e-03 4.978273e-01 6.916359e+01 -7.665040e-01 3.613439e-01 4.978517e-01 -2.216892e-03 -8.672593e-01 2.061103e-03 9.999969e-01 -1.373016e-03 8.672597e-01 -1.103953e-03 4.978547e-01 6.625587e+01 7.619914e-01 3.624454e-01 9.756748e-01 -4.847704e-04 -2.192224e-01 -6.965058e-04 9.999857e-01 -5.311167e-03 2.192218e-01 5.334661e-03 9.756605e-01 6.625587e+01 -7.619929e-01 3.624454e-01 9.757348e-01 4.847787e-04 -2.189550e-01 6.950438e-04 9.999857e-01 5.311367e-03 2.189544e-01 -5.334669e-03 9.757205e-01 6.916311e+01 -8.032775e-07 3.801100e-01 9.999969e-01 4.012212e-09 2.498331e-03 -4.028195e-09 1.000000e+00 6.392109e-09 -2.498331e-03 -6.402153e-09 9.999969e-01
2.780000e+00 6.941371e+01 7.665024e-01 3.613439e-01 9.625960e-01 2.216878e-03 -2.709317e-01 -2.433053e-03 9.999969e-01 -4.620195e-04 2.709299e-01 1.103929e-03 9.625984e-01 6.941371e+01 -7.665040e-01 3.613439e-01 9.626046e-01 -2.216897e-03 -2.709013e-01 2.433059e-03 9.999969e-01 4.621003e-04 2.708994e-01 -1.103939e-03 9.626070e-01 6.650600e+01 7.619914e-01 3.624454e-01 8.500756e-01 -4.847706e-04 5.266605e-01 3.221648e-03 9.999857e-01 -4.279570e-03 -5.266509e-01 5.334673e-03 8.500649e-01 6.650600e+01 -7.619930e-01 3.624454e-01 8.499312e-01 4.847775e-04 5.268935e-01 -3.222829e-03 9.999857e-01 4.278688e-03 -5.268838e-01 -5.334678e-03 8.499206e-01 6.941324e+01 -8.041346e-07 3.801100e-01 9.999969e-01 3.267705e-09 2.498297e-03 -3.280187e-09 1.000000e+00 4.992127e-09 -2.498297e-03 -5.000306e-09 9.999969e-01
2.790000e+00 6.966384e+01 7.665024e-01 3.613439e-01 8.771086e-01 2.216881e-03 4.802869e-01 -1.414248e-03 9.999969e-01 -2.033003e-03 -4.802900e-01 1.103919e-03 8.771091e-01 6.966384e+01 -7.665040e-01 3.613439e-01 8.770934e-01 -2.216901e-03 4.803147e-01 1.414198e-03 9.999969e-01 2.033064e-03 -4.803178e-01 -1.103927e-03 8.770939e-01 6.675613e+01 7.619914e-01 3.624454e-01 2.381321e-01 -4.847703e-04 9.712326e-01 5.296666e-03 9.999857e-01 -7.995437e-04 -9.712183e-01 5.334692e-03 2.381313e-01 6.675613e+01 -7.619930e-01 3.624454e-01 2.378660e-01 4.847756e-04 9.712979e-01 -5.296889e-03 9.999857e-01 7.980878e-04 -9.712835e-01 -5.334695e-03 2.378651e-01 6.966337e+01 -8.047915e-07 3.801101e-01 9.999969e-01 2.484819e-09 2.498267e-03 -2.493924e-09 1.000000e+00 3.641241e-09 -2.498267e-03 -3.647460e-09 9.999969e-01
2.800000e+00 6.991397e+01 7.665024e-01 3.613439e-01 2.902309e-01 2.216883e-03 9.569541e-01 4.129887e-04 9.999969e-01 -2.441850e-03 -9.569566e-01 1.103911e-03 2.902291e-01 6.991397e+01 -7.665040e-01 3.613439e-01 2.902006e-01 -2.216905e-03 9.569633e-01 -4.130646e-04 9.999969e-01 2.441859e-03 -9.569658e-01 -1.103917e-03 2.901988e-01 6.700626e+01 7.619914e-01 3.624455e-01 -5.100541e-01 -4.847695e-04 8.601422e-01 4.341363e-03 9.999857e-01 3.137961e-03 -8.601314e-01 5.334719e-03 -5.100447e-01 6.700626e+01 -7.619930e-01 3.624454e-01 -5.102898e-01 4.847731e-04 8.600024e-01 -4.340501e-03 9.999857e-01 -3.139154e-03 -8.599916e-01 -5.334720e-03 -5.102804e-01 6.991350e+01 -8.052435e-07 3.801101e-01 9.999969e-01 1.662511e-09 2.498244e-03 -1.668373e-09 1.000000e+00 2.344474e-09 -2.498244e-03 -2.348634e-09 9.999969e-01
2.810000e+00 7.016409e+01 7.665024e-01 3.613439e-01 -4.625534e-01 2.216885e-03 8.865887e-01 2.004142e-03 9.999969e-01 -1.454852e-03 -8.865892e-01 1.103903e-03 -4.625564e-01 7.016409e+01 -7.665040e-01 3.613439e-01 -4.625814e-01 -2.216909e-03 8.865740e-01 -2.004202e-03 9.999969e-01 1.454808e-03 -8.865745e-01 -1.103906e-03 -4.625845e-01 6.725638e+01 7.619914e-01 3.624455e-01 -9.664275e-01 -4.847688e-04 2.569390e-01 9.022170e-04 9.999857e-01 5.280199e-03 -2.569379e-01 5.334744e-03 -9.664132e-01 6.725638e+01 -7.619930e-01 3.624455e-01 -9.664979e-01 4.847707e-04 2.566742e-01 -9.007680e-04 9.999857e-01 -5.280446e-03 -2.566731e-01 -5.334743e-03 -9.664836e-01 7.016362e+01 -8.055218e-07 3.801101e-01 9.999969e-01 8.313419e-10 2.498224e-03 -8.340863e-10 1.000000e+00 1.097496e-09 -2.498224e-03 -1.099576e-09 9.999969e-01
2.820000e+00 7.041422e+01 7.665024e-01 3.613439e-01 -9.509239e-01 2.216888e-03 3.094168e-01 2.449660e-03 9.999969e-01 3.637795e-04 -3.094151e-01 1.103893e-03 -9.509264e-01 7.041422e+01 -7.665040e-01 3.613439e-01 -9.509337e-01 -2.216913e-03 3.093867e-01 -2.449673e-03 9.999969e-01 -3.638507e-04 -3.093850e-01 -1.103894e-03 -9.509362e-01 6.750651e+01 7.619914e-01 3.624456e-01 -8.698747e-01 -4.847685e-04 -4.932726e-01 -3.053175e-03 9.999857e-01 4.401457e-03 4.932634e-01 5.334763e-03 -8.698637e-01 6.750651e+01 -7.619930e-01 3.624455e-01 -8.697395e-01 4.847687e-04 -4.935109e-01 3.054379e-03 9.999857e-01 -4.400617e-03 4.935017e-01 -5.334760e-03 -8.697285e-01 7.041375e+01 -8.056420e-07 3.801102e-01 9.999969e-01 8.327360e-12 2.498205e-03 -8.077530e-12 1.000000e+00 -1.000138e-10 -2.498205e-03 9.999330e-11 9.999969e-01
2.830000e+00 7.066435e+01 7.665024e-01 3.613439e-01 -8.957130e-01 2.216892e-03 -4.446271e-01 1.494885e-03 9.999969e-01 1.974456e-03 4.446301e-01 1.103880e-03 -8.957136e-01 7.066435e+01 -7.665040e-01 3.613439e-01 -8.956990e-01 -2.216918e-03 -4.446554e-01 -1.494847e-03 9.999969e-01 -1.974515e-03 4.446584e-01 -1.103880e-03 -8.956995e-01 6.775664e+01 7.619914e-01 3.624456e-01 -2.756240e-01 -4.847689e-04 -9.612654e-01 -5.261744e-03 9.999857e-01 1.004406e-03 9.612511e-01 5.334771e-03 -2.756226e-01 6.775664e+01 -7.619930e-01 3.624456e-01 -2.753606e-01 4.847675e-04 -9.613409e-01 5.262014e-03 9.999857e-01 -1.002964e-03 9.613266e-01 -5.334766e-03 -2.753592e-01 7.066387e+01 -8.056140e-07 3.801102e-01 9.999969e-01 -7.947077e-10 2.498187e-03 7.978250e-10 1.000000e+00 -1.246840e-09 -2.498187e-03 1.248829e-09 9.999969e-01
2.840000e+00 7.091447e+01 7.665024e-01 3.613439e-01 -3.284850e-01 2.216896e-03 -9.445066e-01 -3.143929e-04 9.999969e-01 2.456481e-03 9.445092e-01 1.103863e-03 -3.284833e-01 7.091447e+01 -7.665040e-01 3.613439e-01 -3.284550e-01 -2.216925e-03 -9.445170e-01 3.144600e-04 9.999969e-01 -2.456498e-03 9.445196e-01 -1.103862e-03 -3.284533e-01 6.800676e+01 7.619914e-01 3.624455e-01 4.763337e-01 -4.847703e-04 -8.792645e-01 -4.459761e-03 9.999857e-01 -2.967364e-03 8.792533e-01 5.334765e-03 4.763247e-01 6.800676e+01 -7.619930e-01 3.624455e-01 4.765747e-01 4.847673e-04 -8.791339e-01 4.458944e-03 9.999857e-01 2.968581e-03 8.791227e-01 -5.334759e-03 4.765657e-01 7.091400e+01 -8.054477e-07 3.801102e-01 9.999969e-01 -1.565984e-09 2.498169e-03 1.571839e-09 1.000000e+00 -2.341696e-09 -2.498169e-03 2.345616e-09 9.999969e-01
2.850000e+00 7.116460e+01 7.665024e-01 3.613439e-01 4.265136e-01 2.216902e-03 -9.044784e-01 -1.943950e-03 9.999969e-01 1.534336e-03 9.044790e-01 1.103845e-03 4.265166e-01 7.116460e+01 -7.665040e-01 3.613439e-01 4.265424e-01 -2.216931e-03 -9.044649e-01 1.944008e-03 9.999969e-01 -1.534302e-03 9.044655e-01 -1.103842e-03 4.265454e-01 6.825689e+01 7.619914e-01 3.624455e-01 9.557511e-01 -4.847719e-04 -2.941761e-01 -1.106044e-03 9.999857e-01 -5.241307e-03 2.941745e-01 5.334756e-03 9.557369e-01 6.825689e+01 -7.619930e-01 3.624454e-01 9.558317e-01 4.847673e-04 -2.939141e-01 1.104609e-03 9.999857e-01 5.241601e-03 2.939124e-01 -5.334748e-03 9.558175e-01 7.116413e+01 -8.051586e-07 3.801103e-01 9.999969e-01 -2.341497e-09 2.498147e-03 2.349770e-09 1.000000e+00 -3.308608e-09 -2.498147e-03 3.314467e-09 9.999969e-01
2.860000e+00 7.141472e+01 7.665024e-01 3.613439e-01 9.377050e-01 2.216906e-03 -3.474255e-01 -2.462308e-03 9.999969e-01 -2.648598e-04 3.474239e-01 1.103829e-03 9.377075e-01 7.141472e+01 -7.665040e-01 3.613439e-01 9.377160e-01 -2.216937e-03 -3.473957e-01 2.462327e-03 9.999969e-01 2.649236e-04 3.473940e-01 -1.103825e-03 9.377186e-01 6.850701e+01 7.619914e-01 3.624454e-01 8.883194e-01 -4.847726e-04 4.592258e-01 2.880487e-03 9.999857e-01 -4.516355e-03 -4.592171e-01 5.334760e-03 8.883081e-01 6.850701e+01 -7.619930e-01 3.624454e-01 8.881934e-01 4.847663e-04 4.594695e-01 -2.881716e-03 9.999857e-01 4.515560e-03 -4.594607e-01 -5.334751e-03 8.881821e-01 7.141425e+01 -8.047644e-07 3.801103e-01 9.999969e-01 -3.175405e-09 2.498116e-03 3.185515e-09 1.000000e+00 -4.043200e-09 -2.498116e-03 4.051145e-09 9.999969e-01
2.870000e+00 7.166485e+01 7.665024e-01 3.613439e-01 9.128785e-01 2.216910e-03 4.082254e-01 -1.573165e-03 9.999969e-01 -1.912655e-03 -4.082283e-01 1.103815e-03 9.128792e-01 7.166485e+01 -7.665040e-01 3.613439e-01 9.128655e-01 -2.216943e-03 4.082544e-01 1.573136e-03 9.999969e-01 1.912714e-03 -4.082574e-01 -1.103811e-03 9.128662e-01 6.875714e+01 7.619914e-01 3.624454e-01 3.126346e-01 -4.847721e-04 9.498733e-01 5.218926e-03 9.999857e-01 -1.207373e-03 -9.498591e-01 5.334785e-03 3.126326e-01 6.875714e+01 -7.619930e-01 3.624454e-01 3.123739e-01 4.847640e-04 9.499591e-01 -5.219245e-03 9.999857e-01 1.205945e-03 -9.499449e-01 -5.334776e-03 3.123719e-01 7.166438e+01 -8.042791e-07 3.801104e-01 9.999969e-01 -4.091005e-09 2.498072e-03 4.102233e-09 1.000000e+00 -4.489349e-09 -2.498072e-03 4.499583e-09 9.999969e-01
2.880000e+00 7.191497e+01 7.665024e-01 3.613440e-01 3.662252e-01 2.216912e-03 9.305236e-01 2.152319e-04 9.999969e-01 -2.467136e-03 -9.305262e-01 1.103806e-03 3.662236e-01 7.191497e+01 -7.665040e-01 3.613440e-01 3.661956e-01 -2.216947e-03 9.305353e-01 -2.152934e-04 9.999969e-01 2.467160e-03 -9.305379e-01 -1.103801e-03 3.661940e-01 6.900726e+01 7.619914e-01 3.624455e-01 -4.419112e-01 -4.847699e-04 8.970587e-01 4.571441e-03 9.999857e-01 2.792386e-03 -8.970472e-01 5.334837e-03 -4.419026e-01 6.900726e+01 -7.619930e-01 3.624455e-01 -4.421576e-01 4.847597e-04 8.969373e-01 -4.570670e-03 9.999857e-01 -2.793628e-03 -8.969257e-01 -5.334828e-03 -4.421490e-01 7.191450e+01 -8.037167e-07 3.801104e-01 9.999969e-01 -5.111596e-09 2.498012e-03 5.123080e-09 1.000000e+00 -4.590931e-09 -2.498012e-03 4.603714e-09 9.999969e-01
2.890000e+00 7.216510e+01 7.665024e-01 3.613440e-01 -3.897731e-01 2.216913e-03 9.209082e-01 1.880598e-03 9.999969e-01 -1.611343e-03 -9.209090e-01 1.103800e-03 -3.897761e-01 7.216510e+01 -7.665040e-01 3.613440e-01 -3.898024e-01 -2.216949e-03 9.208958e-01 -1.880660e-03 9.999969e-01 1.611319e-03 -9.208966e-01 -1.103796e-03 -3.898054e-01 6.925739e+01 7.619914e-01 3.624457e-01 -9.436247e-01 -4.847664e-04 3.310168e-01 1.308514e-03 9.999857e-01 5.194618e-03 -3.310146e-01 5.334910e-03 -9.436106e-01 6.925739e+01 -7.619930e-01 3.624456e-01 -9.437157e-01 4.847540e-04 3.307574e-01 -1.307095e-03 9.999857e-01 -5.194965e-03 -3.307551e-01 -5.334901e-03 -9.437015e-01 7.216463e+01 -8.030618e-07 3.801105e-01 9.999969e-01 -6.227266e-09 2.497940e-03 6.238328e-09 1.000000e+00 -4.420764e-09 -2.497940e-03 4.436334e-09 9.999969e-01
2.900000e+00 7.241522e+01 7.665024e-01 3.613441e-01 -9.229656e-01 2.216914e-03 3.848762e-01 2.470965e-03 9.999969e-01 1.655299e-04 -3.848746e-01 1.103794e-03 -9.229682e-01 7.241522e+01 -7.665040e-01 3.613441e-01 -9.229778e-01 -2.216952e-03 3.848468e-01 -2.470993e-03 9.999969e-01 -1.655891e-04 -3.848453e-01 -1.103789e-03 -9.229804e-01 6.950751e+01 7.619914e-01 3.624457e-01 -9.054528e-01 -4.847655e-04 -4.244468e-01 -2.703326e-03 9.999857e-01 4.624786e-03 4.244385e-01 5.334944e-03 -9.054411e-01 6.950751e+01 -7.619930e-01 3.624457e-01 -9.053359e-01 4.847508e-04 -4.246959e-01 2.704582e-03 9.999857e-01 -4.624040e-03 4.246876e-01 -5.334935e-03 -9.053243e-01 7.241475e+01 -8.021882e-07 3.801106e-01 9.999969e-01 -7.303146e-09 2.497891e-03 7.314501e-09 1.000000e+00 -4.536875e-09 -2.497891e-03 4.555132e-09 9.999969e-01
2.910000e+00 7.266534e+01 7.665024e-01 3.613440e-01 -9.285662e-01 2.216916e-03 -3.711602e-01 1.648875e-03 9.999969e-01 1.847774e-03 3.711632e-01 1.103784e-03 -9.285670e-01 7.266534e+01 -7.665040e-01 3.613440e-01 -9.285544e-01 -2.216956e-03 -3.711896e-01 -1.648856e-03 9.999969e-01 -1.847836e-03 3.711926e-01 -1.103778e-03 -9.285553e-01 6.975763e+01 7.619914e-01 3.624455e-01 -3.491330e-01 -4.847688e-04 -9.370731e-01 -5.168449e-03 9.999857e-01 1.408336e-03 9.370589e-01 5.334911e-03 -3.491304e-01 6.975763e+01 -7.619930e-01 3.624455e-01 -3.488750e-01 4.847522e-04 -9.371692e-01 5.168821e-03 9.999857e-01 -1.406925e-03 9.371550e-01 -5.334901e-03 -3.488725e-01 7.266487e+01 -8.010371e-07 3.801106e-01 9.999969e-01 -8.277231e-09 2.497880e-03 8.290264e-09 1.000000e+00 -5.207269e-09 -2.497880e-03 5.227961e-09 9.999969e-01
2.920000e+00 7.291547e+01 7.665024e-01 3.613440e-01 -4.033783e-01 2.216923e-03 -9.150306e-01 -1.157205e-04 9.999969e-01 2.473792e-03 9.150333e-01 1.103762e-03 -4.033768e-01 7.291547e+01 -7.665040e-01 3.613440e-01 -4.033494e-01 -2.216964e-03 -9.150434e-01 1.157741e-04 9.999969e-01 -2.473822e-03 9.150460e-01 -1.103753e-03 -4.033479e-01 7.000776e+01 7.619914e-01 3.624451e-01 4.069815e-01 -4.847767e-04 -9.134363e-01 -4.675714e-03 9.999857e-01 -2.613974e-03 9.134244e-01 5.334806e-03 4.069734e-01 7.000776e+01 -7.619930e-01 3.624451e-01 4.072330e-01 4.847590e-04 -9.133242e-01 4.674989e-03 9.999857e-01 2.615240e-03 9.133123e-01 -5.334792e-03 4.072249e-01 7.291500e+01 -7.995545e-07 3.801106e-01 9.999969e-01 -8.849877e-09 2.497862e-03 8.867535e-09 1.000000e+00 -7.058455e-09 -2.497862e-03 7.080583e-09 9.999969e-01
2.930000e+00 7.316559e+01 7.665024e-01 3.613440e-01 3.523847e-01 2.216936e-03 -9.358526e-01 -1.814145e-03 9.999969e-01 1.685792e-03 9.358535e-01 1.103726e-03 3.523876e-01 7.316559e+01 -7.665040e-01 3.613440e-01 3.524143e-01 -2.216976e-03 -9.358415e-01 1.814199e-03 9.999969e-01 -1.685777e-03 9.358423e-01 -1.103711e-03 3.524172e-01 7.025788e+01 7.619913e-01 3.624446e-01 9.301563e-01 -4.847868e-04 -3.671634e-01 -1.507774e-03 9.999857e-01 -5.140069e-03 3.671606e-01 5.334667e-03 9.301423e-01 7.025788e+01 -7.619930e-01 3.624445e-01 9.302574e-01 4.847692e-04 -3.669073e-01 1.506367e-03 9.999857e-01 5.140458e-03 3.669045e-01 -5.334647e-03 9.302433e-01 7.316512e+01 -7.977335e-07 3.801107e-01 9.999969e-01 -8.773925e-09 2.497788e-03 8.800116e-09 1.000000e+00 -1.047455e-08 -2.497788e-03 1.049650e-08 9.999969e-01
2.940000e+00 7.341571e+01 7.665024e-01 3.613441e-01 9.067202e-01 2.216947e-03 -4.217269e-01 -2.475616e-03 9.999969e-01 -6.580310e-05 4.217255e-01 1.103699e-03 9.067229e-01 7.341571e+01 -7.665040e-01 3.613441e-01 9.067336e-01 -2.216985e-03 -4.216981e-01 2.475639e-03 9.999969e-01 6.584585e-05 4.216967e-01 -1.103677e-03 9.067363e-01 7.050800e+01 7.619913e-01 3.624443e-01 9.212090e-01 -4.847892e-04 3.890678e-01 2.522122e-03 9.999857e-01 -4.725704e-03 -3.890600e-01 5.334638e-03 9.211970e-01 7.050800e+01 -7.619930e-01 3.624443e-01 9.211019e-01 4.847725e-04 3.893214e-01 -2.523397e-03 9.999857e-01 4.724990e-03 -3.893135e-01 -5.334610e-03 9.210899e-01 7.341524e+01 -7.957297e-07 3.801109e-01 9.999969e-01 -8.321389e-09 2.497678e-03 8.357614e-09 1.000000e+00 -1.449319e-08 -2.497678e-03 1.451402e-08 9.999969e-01
2.950000e+00 7.366584e+01 7.665024e-01 3.613442e-01 9.427589e-01 2.216951e-03 3.334678e-01 -1.722007e-03 9.999969e-01 -1.779803e-03 -3.334707e-01 1.103691e-03 9.427598e-01 7.366584e+01 -7.665040e-01 3.613442e-01 9.427483e-01 -2.216988e-03 3.334978e-01 1.721994e-03 9.999969e-01 1.779843e-03 -3.335007e-01 -1.103663e-03 9.427492e-01 7.075813e+01 7.619913e-01 3.624444e-01 3.853661e-01 -4.847853e-04 9.227636e-01 5.109479e-03 9.999857e-01 -1.608474e-03 -9.227496e-01 5.334693e-03 3.853630e-01 7.075813e+01 -7.619930e-01 3.624444e-01 3.851121e-01 4.847700e-04 9.228697e-01 -5.109883e-03 9.999857e-01 1.607068e-03 -9.228556e-01 -5.334657e-03 3.851091e-01 7.366536e+01 -7.937295e-07 3.801110e-01 9.999969e-01 -7.592651e-09 2.497616e-03 7.638857e-09 1.000000e+00 -1.849041e-08 -2.497616e-03 1.850943e-08 9.999969e-01
2.960000e+00 7.391596e+01 7.665024e-01 3.613442e-01 4.398957e-01 2.216952e-03 8.980462e-01 1.594594e-05 9.999969e-01 -2.476442e-03 -8.980489e-01 1.103696e-03 4.398943e-01 7.391596e+01 -7.665040e-01 3.613442e-01 4.398671e-01 -2.216986e-03 8.980601e-01 -1.597886e-05 9.999969e-01 2.476457e-03 -8.980629e-01 -1.103662e-03 4.398657e-01 7.100825e+01 7.619914e-01 3.624448e-01 -3.709803e-01 -4.847793e-04 9.286406e-01 4.774242e-03 9.999857e-01 2.429274e-03 -9.286284e-01 5.334768e-03 -3.709727e-01 7.100825e+01 -7.619930e-01 3.624447e-01 -3.712359e-01 4.847658e-04 9.285384e-01 -4.773540e-03 9.999857e-01 -2.430560e-03 -9.285263e-01 -5.334726e-03 -3.712283e-01 7.391549e+01 -7.918592e-07 3.801110e-01 9.999969e-01 -6.657376e-09 2.497652e-03 6.712342e-09 1.000000e+00 -2.199871e-08 -2.497652e-03 2.201540e-08 9.999969e-01
2.970000e+00 7.416608e+01 7.665024e-01 3.613441e-01 -3.144188e-01 2.216955e-03 9.492818e-01 1.744774e-03 9.999969e-01 -1.757495e-03 -9.492828e-01 1.103693e-03 -3.144218e-01 7.416608e+01 -7.665040e-01 3.613441e-01 -3.144489e-01 -2.216986e-03 9.492718e-01 -1.744803e-03 9.999969e-01 1.757482e-03 -9.492728e-01 -1.103654e-03 -3.144519e-01 7.125837e+01 7.619914e-01 3.624451e-01 -9.151381e-01 -4.847750e-04 4.031403e-01 1.707047e-03 9.999857e-01 5.077518e-03 -4.031370e-01 5.334810e-03 -9.151241e-01 7.125837e+01 -7.619930e-01 3.624451e-01 -9.152491e-01 4.847636e-04 4.028882e-01 -1.705641e-03 9.999857e-01 -5.077941e-03 -4.028849e-01 -5.334763e-03 -9.152351e-01 7.416561e+01 -7.901285e-07 3.801109e-01 9.999969e-01 -5.599320e-09 2.497760e-03 5.661050e-09 1.000000e+00 -2.470707e-08 -2.497760e-03 2.472113e-08 9.999969e-01
2.980000e+00 7.441620e+01 7.665024e-01 3.613440e-01 -8.890030e-01 2.216964e-03 4.578961e-01 2.476260e-03 9.999969e-01 -3.396872e-05 -4.578948e-01 1.103672e-03 -8.890057e-01 7.441620e+01 -7.665040e-01 3.613439e-01 -8.890175e-01 -2.216992e-03 4.578679e-01 -2.476268e-03 9.999969e-01 3.393978e-05 -4.578666e-01 -1.103631e-03 -8.890202e-01 7.150849e+01 7.619914e-01 3.624452e-01 -9.355988e-01 -4.847760e-04 -3.530646e-01 -2.337070e-03 9.999857e-01 4.820055e-03 3.530572e-01 5.334774e-03 -9.355865e-01 7.150849e+01 -7.619930e-01 3.624452e-01 -9.355015e-01 4.847666e-04 -3.533223e-01 2.338371e-03 9.999857e-01 -4.819368e-03 3.533149e-01 -5.334725e-03 -9.354893e-01 7.441573e+01 -7.884428e-07 3.801108e-01 9.999969e-01 -4.537094e-09 2.497855e-03 4.603237e-09 1.000000e+00 -2.647428e-08 -2.497855e-03 2.648569e-08 9.999969e-01
